
*******************
* Started on 2010-08-22 11:59:10
* Using start frequency 2900
*******************
* time frequency pressure maxPressure cellTemperature mosfetTemperature isPlaying aborting
*******************
2010-08-22 11:59:13	2899	111	114	24.90	24.90	0	0	
2010-08-22 11:59:14	2900	111	119	25.39	23.44	1	0	
2010-08-22 11:59:15	2900	112	119	24.41	46.88	1	0	
2010-08-22 11:59:16	2900	112	119	47.36	24.41	1	0	
2010-08-22 11:59:17	2900	113	119	25.39	23.93	1	0	
2010-08-22 11:59:18	2900	112	119	24.41	24.41	1	0	
2010-08-22 11:59:19	2900	112	120	25.39	24.41	1	0	
2010-08-22 11:59:20	2900	112	120	24.90	23.93	1	0	
2010-08-22 11:59:21	2900	111	120	24.90	24.90	1	0	
2010-08-22 11:59:22	2900	118	120	24.90	23.93	1	0	
2010-08-22 11:59:23	2900	112	120	24.41	23.44	1	0	
2010-08-22 11:59:24	2901	112	118	25.39	23.93	1	0	
2010-08-22 11:59:25	2901	113	121	24.41	24.90	1	0	
2010-08-22 11:59:26	2901	113	121	23.93	24.90	1	0	
2010-08-22 11:59:27	2901	113	121	25.39	23.93	1	0	
2010-08-22 11:59:28	2901	113	121	24.41	24.90	1	0	
2010-08-22 11:59:29	2901	112	121	25.39	22.95	1	0	
2010-08-22 11:59:30	2901	112	121	23.93	24.41	1	0	
2010-08-22 11:59:31	2901	113	121	24.41	24.90	1	0	
2010-08-22 11:59:32	2901	111	121	25.39	24.41	1	0	
2010-08-22 11:59:33	2901	112	121	23.93	24.90	1	0	
2010-08-22 11:59:34	2902	113	119	25.39	23.93	1	0	
2010-08-22 11:59:35	2902	112	120	24.41	25.39	1	0	
2010-08-22 11:59:36	2902	113	121	25.88	23.44	1	0	
2010-08-22 11:59:37	2902	113	121	24.41	24.41	1	0	
2010-08-22 11:59:39	2902	113	121	24.41	25.39	1	0	
2010-08-22 11:59:40	2902	112	121	24.90	24.90	1	0	
2010-08-22 11:59:41	2902	113	121	24.41	14.16	1	0	
2010-08-22 11:59:42	2902	113	121	15.14	25.88	1	0	
2010-08-22 11:59:43	2902	113	121	25.39	24.41	1	0	
2010-08-22 11:59:44	2902	113	121	24.90	24.90	1	0	
2010-08-22 11:59:45	2903	113	121	25.39	25.39	1	0	
2010-08-22 11:59:46	2903	113	121	23.93	24.90	1	0	
2010-08-22 11:59:47	2903	112	121	46.88	25.39	1	0	
2010-08-22 11:59:48	2903	114	121	24.41	24.41	1	0	
2010-08-22 11:59:49	2903	113	121	24.41	25.88	1	0	
2010-08-22 11:59:50	2903	113	121	24.90	25.39	1	0	
2010-08-22 11:59:51	2903	112	121	25.39	24.90	1	0	
2010-08-22 11:59:52	2903	112	121	25.39	25.88	1	0	
2010-08-22 11:59:53	2903	111	121	24.41	14.65	1	0	
2010-08-22 11:59:54	2903	113	121	25.39	25.88	1	0	
2010-08-22 11:59:55	2904	112	119	24.41	16.11	1	0	
2010-08-22 11:59:56	2904	112	120	25.39	24.90	1	0	
2010-08-22 11:59:57	2904	113	121	24.41	24.41	1	0	
2010-08-22 11:59:58	2904	113	121	13.18	25.88	1	0	
2010-08-22 11:59:59	2904	112	121	24.90	25.39	1	0	
2010-08-22 12:00:00	2904	113	121	24.41	26.37	1	0	
2010-08-22 12:00:01	2904	113	121	25.39	24.41	1	0	
2010-08-22 12:00:02	2904	113	121	25.39	25.39	1	0	
2010-08-22 12:00:03	2904	113	121	24.41	25.88	1	0	
2010-08-22 12:00:04	2904	113	121	25.39	26.37	1	0	
2010-08-22 12:00:05	2905	113	120	23.44	25.39	1	0	
2010-08-22 12:00:06	2905	112	120	24.41	26.37	1	0	
2010-08-22 12:00:07	2905	111	120	24.41	26.37	1	0	
2010-08-22 12:00:08	2905	113	120	25.39	26.86	1	0	
2010-08-22 12:00:09	2905	113	121	24.41	25.88	1	0	
2010-08-22 12:00:10	2905	113	121	24.41	26.86	1	0	
2010-08-22 12:00:11	2905	113	121	25.39	25.88	1	0	
2010-08-22 12:00:12	2905	113	121	24.41	26.86	1	0	
2010-08-22 12:00:13	2905	112	121	25.39	26.86	1	0	
2010-08-22 12:00:15	2905	114	121	24.41	25.39	1	0	
2010-08-22 12:00:16	2906	113	120	24.90	27.34	1	0	
2010-08-22 12:00:17	2906	113	120	25.39	25.39	1	0	
2010-08-22 12:00:18	2906	112	120	23.44	26.37	1	0	
2010-08-22 12:00:19	2906	113	120	25.39	27.34	1	0	
2010-08-22 12:00:20	2906	113	120	24.41	26.37	1	0	
2010-08-22 12:00:21	2906	113	120	25.39	26.86	1	0	
2010-08-22 12:00:22	2906	113	120	25.39	26.37	1	0	
2010-08-22 12:00:23	2906	112	120	24.41	26.86	1	0	
2010-08-22 12:00:24	2906	112	120	25.88	27.34	1	0	
2010-08-22 12:00:25	2906	113	120	25.88	26.37	1	0	
2010-08-22 12:00:26	2907	112	120	24.90	27.34	1	0	
2010-08-22 12:00:27	2907	112	120	24.90	27.34	1	0	
2010-08-22 12:00:28	2907	112	120	25.39	27.34	1	0	
2010-08-22 12:00:29	2907	112	120	25.39	26.37	1	0	
2010-08-22 12:00:30	2907	114	120	25.39	26.86	1	0	
2010-08-22 12:00:31	2907	112	120	25.39	26.86	1	0	
2010-08-22 12:00:32	2907	112	120	24.41	27.34	1	0	
2010-08-22 12:00:33	2907	113	120	0.49	27.83	1	0	
2010-08-22 12:00:34	2907	112	120	23.93	27.83	1	0	
2010-08-22 12:00:35	2907	113	120	24.90	27.83	1	0	
2010-08-22 12:00:36	2908	113	120	25.39	21.97	1	0	
2010-08-22 12:00:37	2908	113	120	25.39	26.86	1	0	
2010-08-22 12:00:38	2908	110	120	24.90	27.34	1	0	
2010-08-22 12:00:39	2908	111	120	24.90	27.83	1	0	
2010-08-22 12:00:40	2908	113	120	24.41	27.83	1	0	
2010-08-22 12:00:41	2908	112	120	13.67	27.83	1	0	
2010-08-22 12:00:42	2908	112	121	25.88	27.83	1	0	
2010-08-22 12:00:43	2908	112	121	25.88	26.86	1	0	
2010-08-22 12:00:44	2908	113	121	18.07	26.86	1	0	
2010-08-22 12:00:45	2908	114	121	24.41	18.07	1	0	
2010-08-22 12:00:46	2909	112	121	25.39	27.83	1	0	
2010-08-22 12:00:47	2909	113	121	24.41	27.83	1	0	
2010-08-22 12:00:48	2909	112	121	0.00	27.83	1	0	
2010-08-22 12:00:50	2909	113	121	23.44	27.34	1	0	
2010-08-22 12:00:51	2909	113	121	24.90	27.34	1	0	
2010-08-22 12:00:52	2909	113	121	24.90	27.83	1	0	
2010-08-22 12:00:53	2909	113	121	24.90	26.86	1	0	
2010-08-22 12:00:54	2909	113	121	24.90	27.83	1	0	
2010-08-22 12:00:55	2909	112	121	24.90	28.32	1	0	
2010-08-22 12:00:56	2909	113	121	24.41	28.32	1	0	
2010-08-22 12:00:57	2910	113	119	25.39	27.83	1	0	
2010-08-22 12:00:58	2910	112	119	25.88	25.88	1	0	
2010-08-22 12:00:59	2910	113	120	25.88	27.83	1	0	
2010-08-22 12:01:00	2910	115	120	25.88	14.65	1	0	
2010-08-22 12:01:01	2910	111	120	21.48	27.34	1	0	
2010-08-22 12:01:02	2910	113	121	21.97	27.34	1	0	
2010-08-22 12:01:03	2910	112	121	25.39	28.32	1	0	
2010-08-22 12:01:04	2910	112	121	25.88	26.37	1	0	
2010-08-22 12:01:05	2910	114	121	25.88	27.34	1	0	
2010-08-22 12:01:06	2910	113	121	23.93	27.34	1	0	
2010-08-22 12:01:07	2911	113	120	25.88	28.32	1	0	
2010-08-22 12:01:08	2911	112	120	25.88	28.32	1	0	
2010-08-22 12:01:09	2911	112	120	25.39	15.14	1	0	
2010-08-22 12:01:10	2911	112	120	25.88	27.83	1	0	
2010-08-22 12:01:11	2911	112	120	18.07	27.34	1	0	
2010-08-22 12:01:12	2911	112	120	24.90	28.32	1	0	
2010-08-22 12:01:13	2911	113	120	24.90	28.32	1	0	
2010-08-22 12:01:14	2911	113	120	25.39	27.34	1	0	
2010-08-22 12:01:15	2911	113	120	25.39	27.34	1	0	
2010-08-22 12:01:16	2911	114	120	24.41	26.86	1	0	
2010-08-22 12:01:17	2912	112	119	24.90	28.32	1	0	
2010-08-22 12:01:18	2912	113	119	25.39	27.83	1	0	
2010-08-22 12:01:19	2912	113	119	23.93	27.34	1	0	
2010-08-22 12:01:20	2912	114	119	24.41	27.34	1	0	
2010-08-22 12:01:21	2912	113	121	24.90	24.41	1	0	
2010-08-22 12:01:22	2912	114	121	24.90	0.98	1	0	
2010-08-22 12:01:23	2912	112	121	25.39	27.83	1	0	
2010-08-22 12:01:25	2912	113	121	24.90	23.44	1	0	
2010-08-22 12:01:26	2912	112	121	24.90	28.32	1	0	
2010-08-22 12:01:27	2912	112	121	24.90	28.32	1	0	
2010-08-22 12:01:28	2913	113	119	24.90	28.32	1	0	
2010-08-22 12:01:29	2913	112	120	25.88	27.34	1	0	
2010-08-22 12:01:30	2913	113	120	25.88	26.86	1	0	
2010-08-22 12:01:31	2913	113	120	25.39	25.39	1	0	
2010-08-22 12:01:32	2913	113	120	26.37	27.83	1	0	
2010-08-22 12:01:33	2913	112	121	25.88	26.86	1	0	
2010-08-22 12:01:34	2913	113	121	25.39	28.32	1	0	
2010-08-22 12:01:35	2913	113	121	25.39	27.34	1	0	
2010-08-22 12:01:36	2913	112	121	25.88	28.32	1	0	
2010-08-22 12:01:37	2913	114	121	25.88	22.46	1	0	
2010-08-22 12:01:38	2914	113	119	26.37	27.34	1	0	
2010-08-22 12:01:39	2914	113	120	25.88	27.34	1	0	
2010-08-22 12:01:40	2914	113	120	25.39	27.34	1	0	
2010-08-22 12:01:41	2914	113	120	23.93	27.34	1	0	
2010-08-22 12:01:42	2914	113	120	24.90	27.34	1	0	
2010-08-22 12:01:43	2914	112	120	24.41	28.32	1	0	
2010-08-22 12:01:44	2914	112	120	25.39	27.34	1	0	
2010-08-22 12:01:45	2914	112	120	25.39	27.34	1	0	
2010-08-22 12:01:46	2914	113	120	24.90	28.32	1	0	
2010-08-22 12:01:47	2914	112	120	24.90	28.32	1	0	
2010-08-22 12:01:48	2915	113	119	25.39	28.32	1	0	
2010-08-22 12:01:49	2915	112	119	26.37	28.32	1	0	
2010-08-22 12:01:50	2915	112	119	25.88	22.46	1	0	
2010-08-22 12:01:51	2915	112	119	25.88	28.32	1	0	
2010-08-22 12:01:52	2915	113	120	24.90	28.32	1	0	
2010-08-22 12:01:53	2915	113	120	25.88	28.32	1	0	
2010-08-22 12:01:54	2915	114	120	25.88	26.86	1	0	
2010-08-22 12:01:55	2915	112	120	25.39	28.32	1	0	
2010-08-22 12:01:56	2915	112	120	25.88	22.95	1	0	
2010-08-22 12:01:57	2915	112	120	25.88	15.63	1	0	
2010-08-22 12:01:58	2916	118	119	25.88	27.83	1	0	
2010-08-22 12:01:59	2916	113	120	24.90	50.78	1	0	
2010-08-22 12:02:01	2916	118	120	25.88	27.34	1	0	
2010-08-22 12:02:02	2916	113	120	25.88	27.83	1	0	
2010-08-22 12:02:03	2916	115	120	24.90	28.32	1	0	
2010-08-22 12:02:04	2916	111	120	24.90	28.81	1	0	
2010-08-22 12:02:05	2916	112	120	24.90	28.32	1	0	
2010-08-22 12:02:06	2916	113	120	25.88	28.32	1	0	
2010-08-22 12:02:07	2916	113	120	24.41	28.81	1	0	
2010-08-22 12:02:08	2916	113	120	25.39	28.32	1	0	
2010-08-22 12:02:09	2917	113	120	25.88	28.32	1	0	
2010-08-22 12:02:10	2917	113	120	25.88	29.30	1	0	
2010-08-22 12:02:11	2917	112	120	25.88	28.81	1	0	
2010-08-22 12:02:12	2917	112	120	22.46	28.32	1	0	
2010-08-22 12:02:13	2917	113	120	26.37	22.95	1	0	
2010-08-22 12:02:14	2917	113	120	25.39	28.32	1	0	
2010-08-22 12:02:15	2917	112	120	25.39	28.32	1	0	
2010-08-22 12:02:16	2917	113	120	25.39	28.81	1	0	
2010-08-22 12:02:17	2917	113	120	22.95	28.81	1	0	
2010-08-22 12:02:18	2917	113	120	26.37	28.32	1	0	
2010-08-22 12:02:19	2918	113	120	26.37	28.32	1	0	
2010-08-22 12:02:20	2918	112	120	25.39	28.32	1	0	
2010-08-22 12:02:21	2918	112	120	24.90	28.32	1	0	
2010-08-22 12:02:22	2918	113	121	24.90	28.32	1	0	
2010-08-22 12:02:23	2918	112	121	24.90	29.30	1	0	
2010-08-22 12:02:24	2918	112	121	25.39	28.81	1	0	
2010-08-22 12:02:25	2918	112	121	26.37	28.32	1	0	
2010-08-22 12:02:26	2918	113	121	24.90	29.30	1	0	
2010-08-22 12:02:27	2918	112	121	24.90	28.32	1	0	
2010-08-22 12:02:28	2918	113	121	25.39	28.81	1	0	
2010-08-22 12:02:29	2919	112	119	25.39	28.81	1	0	
2010-08-22 12:02:30	2919	112	121	25.39	28.81	1	0	
2010-08-22 12:02:31	2919	114	121	25.88	28.81	1	0	
2010-08-22 12:02:32	2919	112	121	25.39	29.30	1	0	
2010-08-22 12:02:33	2919	114	121	25.39	29.30	1	0	
2010-08-22 12:02:34	2919	113	121	25.39	29.30	1	0	
2010-08-22 12:02:35	2919	113	121	25.39	29.30	1	0	
2010-08-22 12:02:37	2919	113	121	24.90	28.81	1	0	
2010-08-22 12:02:38	2919	112	121	25.88	28.81	1	0	
2010-08-22 12:02:39	2919	112	121	25.88	29.30	1	0	
2010-08-22 12:02:40	2920	113	120	25.88	28.32	1	0	
2010-08-22 12:02:40	2920	113	120	61.04	29.30	0	1	
2010-08-22 12:02:41	2920	112	115	25.88	28.81	0	0	
2010-08-22 12:02:42	2921	112	116	25.39	28.81	1	0	
2010-08-22 12:02:43	2921	112	116	25.39	28.81	1	0	
2010-08-22 12:02:44	2921	112	116	24.90	29.30	1	0	
2010-08-22 12:02:45	2921	113	116	25.39	28.81	1	0	
2010-08-22 12:02:46	2921	114	116	24.41	28.81	1	0	
2010-08-22 12:02:47	2921	113	116	25.39	28.81	1	0	
2010-08-22 12:02:48	2921	113	116	25.88	27.83	1	0	
2010-08-22 12:02:49	2921	113	116	25.39	28.32	1	0	
2010-08-22 12:02:50	2921	112	116	24.90	17.09	1	0	
2010-08-22 12:02:51	2921	113	116	25.39	28.81	1	0	
2010-08-22 12:02:52	2922	114	116	24.90	28.81	1	0	
2010-08-22 12:02:53	2922	112	116	25.39	28.81	1	0	
2010-08-22 12:02:54	2922	113	116	25.39	28.32	1	0	
2010-08-22 12:02:55	2922	113	116	25.88	28.32	1	0	
2010-08-22 12:02:56	2922	112	116	25.88	27.83	1	0	
2010-08-22 12:02:57	2922	112	116	25.88	28.81	1	0	
2010-08-22 12:02:58	2922	113	116	26.37	27.83	1	0	
2010-08-22 12:02:59	2922	112	116	25.39	28.32	1	0	
2010-08-22 12:03:00	2922	112	116	24.90	28.81	1	0	
2010-08-22 12:03:01	2922	111	116	25.39	28.81	1	0	
2010-08-22 12:03:02	2923	113	116	25.39	28.81	1	0	
2010-08-22 12:03:03	2923	113	116	24.90	28.81	1	0	
2010-08-22 12:03:04	2923	113	116	25.39	28.32	1	0	
2010-08-22 12:03:05	2923	112	116	25.88	27.83	1	0	
2010-08-22 12:03:06	2923	112	116	25.88	27.83	1	0	
2010-08-22 12:03:07	2923	113	116	21.00	28.32	1	0	
2010-08-22 12:03:08	2923	114	116	24.41	27.83	1	0	
2010-08-22 12:03:09	2923	112	116	25.88	27.34	1	0	
2010-08-22 12:03:10	2923	112	116	25.88	27.83	1	0	
2010-08-22 12:03:11	2923	112	116	25.39	28.81	1	0	
2010-08-22 12:03:13	2924	111	116	24.90	28.81	1	0	
2010-08-22 12:03:14	2924	112	116	25.88	28.81	1	0	
2010-08-22 12:03:15	2924	110	116	26.37	27.34	1	0	
2010-08-22 12:03:16	2924	114	116	25.88	27.83	1	0	
2010-08-22 12:03:17	2924	113	116	25.39	28.32	1	0	
2010-08-22 12:03:18	2924	112	116	25.88	28.32	1	0	
2010-08-22 12:03:19	2924	112	116	24.90	27.34	1	0	
2010-08-22 12:03:20	2924	112	116	25.88	28.32	1	0	
2010-08-22 12:03:21	2924	112	116	25.88	18.07	1	0	
2010-08-22 12:03:22	2924	112	116	26.37	19.04	1	0	
2010-08-22 12:03:23	2925	114	116	25.88	27.83	1	0	
2010-08-22 12:03:24	2925	112	116	25.88	27.34	1	0	
2010-08-22 12:03:25	2925	112	116	25.88	28.32	1	0	
2010-08-22 12:03:26	2925	113	116	25.39	15.63	1	0	
2010-08-22 12:03:27	2925	112	116	25.39	27.34	1	0	
2010-08-22 12:03:28	2925	112	116	25.88	28.32	1	0	
2010-08-22 12:03:29	2925	113	116	25.39	28.32	1	0	
2010-08-22 12:03:30	2925	112	116	25.39	27.83	1	0	
2010-08-22 12:03:31	2925	112	116	24.41	27.83	1	0	
2010-08-22 12:03:32	2925	112	116	25.88	28.81	1	0	
2010-08-22 12:03:33	2926	113	116	24.90	29.30	1	0	
2010-08-22 12:03:34	2926	112	116	25.39	28.81	1	0	
2010-08-22 12:03:35	2926	112	116	24.90	29.30	1	0	
2010-08-22 12:03:36	2926	112	116	25.88	28.81	1	0	
2010-08-22 12:03:37	2926	113	116	26.37	28.81	1	0	
2010-08-22 12:03:38	2926	112	116	25.39	29.30	1	0	
2010-08-22 12:03:39	2926	112	116	25.39	28.81	1	0	
2010-08-22 12:03:40	2926	112	116	25.39	29.30	1	0	
2010-08-22 12:03:41	2926	112	116	25.88	28.81	1	0	
2010-08-22 12:03:42	2926	112	116	26.37	27.34	1	0	
2010-08-22 12:03:43	2927	112	115	26.37	28.32	1	0	
2010-08-22 12:03:44	2927	113	116	26.37	28.32	1	0	
2010-08-22 12:03:45	2927	112	116	26.37	27.34	1	0	
2010-08-22 12:03:46	2927	113	116	26.37	27.83	1	0	
2010-08-22 12:03:47	2927	113	116	26.37	27.83	1	0	
2010-08-22 12:03:49	2927	112	116	26.37	27.83	1	0	
2010-08-22 12:03:50	2927	111	116	25.88	28.81	1	0	
2010-08-22 12:03:51	2927	112	117	26.37	19.53	1	0	
2010-08-22 12:03:52	2927	111	117	26.37	28.32	1	0	
2010-08-22 12:03:53	2927	112	117	25.39	28.81	1	0	
2010-08-22 12:03:54	2928	112	116	26.37	25.39	1	0	
2010-08-22 12:03:55	2928	113	116	25.88	26.37	1	0	
2010-08-22 12:03:56	2928	112	116	26.37	28.81	1	0	
2010-08-22 12:03:57	2928	113	116	25.39	28.32	1	0	
2010-08-22 12:03:58	2928	113	116	25.88	27.83	1	0	
2010-08-22 12:03:59	2928	112	116	26.37	27.83	1	0	
2010-08-22 12:04:00	2928	113	116	25.39	28.32	1	0	
2010-08-22 12:04:01	2928	113	116	26.37	28.81	1	0	
2010-08-22 12:04:02	2928	114	116	26.37	28.32	1	0	
2010-08-22 12:04:03	2928	112	116	26.37	27.83	1	0	
2010-08-22 12:04:04	2929	113	115	26.37	27.83	1	0	
2010-08-22 12:04:05	2929	112	115	26.37	28.32	1	0	
2010-08-22 12:04:06	2929	112	115	25.88	28.32	1	0	
2010-08-22 12:04:07	2929	113	116	25.39	28.81	1	0	
2010-08-22 12:04:08	2929	113	116	25.39	28.32	1	0	
2010-08-22 12:04:09	2929	113	116	26.37	28.32	1	0	
2010-08-22 12:04:10	2929	113	116	25.39	28.32	1	0	
2010-08-22 12:04:11	2929	113	116	25.39	28.32	1	0	
2010-08-22 12:04:12	2929	112	116	25.88	28.32	1	0	
2010-08-22 12:04:13	2929	113	116	25.39	28.81	1	0	
2010-08-22 12:04:14	2930	114	115	26.37	28.81	1	0	
2010-08-22 12:04:15	2930	112	116	26.37	27.83	1	0	
2010-08-22 12:04:16	2930	112	116	25.39	28.32	1	0	
2010-08-22 12:04:17	2930	114	116	25.39	28.32	1	0	
2010-08-22 12:04:18	2930	114	116	24.90	28.32	1	0	
2010-08-22 12:04:19	2930	112	116	25.39	28.81	1	0	
2010-08-22 12:04:20	2930	113	116	25.88	28.32	1	0	
2010-08-22 12:04:21	2930	113	116	25.39	27.83	1	0	
2010-08-22 12:04:22	2930	114	116	26.37	28.32	1	0	
2010-08-22 12:04:24	2930	112	116	25.88	27.34	1	0	
2010-08-22 12:04:25	2931	114	116	25.39	27.83	1	0	
2010-08-22 12:04:26	2931	112	116	26.37	27.34	1	0	
2010-08-22 12:04:27	2931	111	116	26.37	27.83	1	0	
2010-08-22 12:04:28	2931	113	116	25.88	27.34	1	0	
2010-08-22 12:04:29	2931	112	116	25.88	27.34	1	0	
2010-08-22 12:04:30	2931	112	116	25.39	4.39	1	0	
2010-08-22 12:04:31	2931	112	116	25.39	28.32	1	0	
2010-08-22 12:04:32	2931	112	116	4.88	27.83	1	0	
2010-08-22 12:04:33	2931	112	116	24.90	27.83	1	0	
2010-08-22 12:04:34	2931	112	116	25.39	26.86	1	0	
2010-08-22 12:04:35	2932	113	116	25.39	28.32	1	0	
2010-08-22 12:04:36	2932	114	116	25.39	28.32	1	0	
2010-08-22 12:04:37	2932	112	116	25.88	27.34	1	0	
2010-08-22 12:04:38	2932	113	116	25.39	28.81	1	0	
2010-08-22 12:04:39	2932	111	116	26.37	26.86	1	0	
2010-08-22 12:04:40	2932	112	116	21.48	27.34	1	0	
2010-08-22 12:04:41	2932	113	116	25.88	27.83	1	0	
2010-08-22 12:04:42	2932	113	116	25.88	27.34	1	0	
2010-08-22 12:04:43	2932	112	116	24.41	27.34	1	0	
2010-08-22 12:04:44	2932	112	116	26.37	27.34	1	0	
2010-08-22 12:04:45	2933	113	116	24.41	26.86	1	0	
2010-08-22 12:04:46	2933	112	116	25.88	26.86	1	0	
2010-08-22 12:04:47	2933	113	116	25.39	27.34	1	0	
2010-08-22 12:04:48	2933	112	116	24.90	14.65	1	0	
2010-08-22 12:04:49	2933	112	116	25.39	27.34	1	0	
2010-08-22 12:04:50	2933	112	116	25.88	27.34	1	0	
2010-08-22 12:04:51	2933	112	116	22.95	26.86	1	0	
2010-08-22 12:04:52	2933	112	116	24.41	26.86	1	0	
2010-08-22 12:04:53	2933	113	116	25.88	27.34	1	0	
2010-08-22 12:04:54	2933	112	116	25.88	27.34	1	0	
2010-08-22 12:04:55	2934	112	115	25.88	27.83	1	0	
2010-08-22 12:04:56	2934	112	115	26.37	21.97	1	0	
2010-08-22 12:04:57	2934	112	116	26.37	28.32	1	0	
2010-08-22 12:04:58	2934	112	116	21.00	27.83	1	0	
2010-08-22 12:05:00	2934	112	116	26.37	24.90	1	0	
2010-08-22 12:05:01	2934	112	116	21.48	27.34	1	0	
2010-08-22 12:05:02	2934	112	116	25.88	26.86	1	0	
2010-08-22 12:05:03	2934	111	116	25.39	18.07	1	0	
2010-08-22 12:05:04	2934	113	116	25.88	26.37	1	0	
2010-08-22 12:05:05	2934	112	116	22.46	26.37	1	0	
2010-08-22 12:05:06	2935	112	115	23.93	27.34	1	0	
2010-08-22 12:05:07	2935	113	115	24.90	26.37	1	0	
2010-08-22 12:05:08	2935	112	115	24.90	26.86	1	0	
2010-08-22 12:05:09	2935	113	116	24.90	26.37	1	0	
2010-08-22 12:05:10	2935	112	116	25.88	26.37	1	0	
2010-08-22 12:05:11	2935	112	116	25.88	26.37	1	0	
2010-08-22 12:05:12	2935	114	116	25.39	26.86	1	0	
2010-08-22 12:05:13	2935	112	116	25.88	27.34	1	0	
2010-08-22 12:05:14	2935	113	116	25.88	26.86	1	0	
2010-08-22 12:05:15	2935	112	116	25.39	27.34	1	0	
2010-08-22 12:05:16	2936	111	115	24.90	27.83	1	0	
2010-08-22 12:05:17	2936	112	115	24.90	26.86	1	0	
2010-08-22 12:05:18	2936	112	116	25.88	27.34	1	0	
2010-08-22 12:05:19	2936	112	116	24.90	27.34	1	0	
2010-08-22 12:05:20	2936	113	116	24.41	27.83	1	0	
2010-08-22 12:05:21	2936	113	116	25.39	28.32	1	0	
2010-08-22 12:05:22	2936	113	116	24.90	27.34	1	0	
2010-08-22 12:05:23	2936	113	116	25.88	28.32	1	0	
2010-08-22 12:05:24	2936	112	116	25.88	26.86	1	0	
2010-08-22 12:05:25	2936	112	116	25.88	26.86	1	0	
2010-08-22 12:05:26	2937	112	115	24.90	23.93	1	0	
2010-08-22 12:05:27	2937	112	115	25.39	28.32	1	0	
2010-08-22 12:05:28	2937	112	115	25.88	28.32	1	0	
2010-08-22 12:05:29	2937	112	115	25.39	28.32	1	0	
2010-08-22 12:05:30	2937	113	115	24.90	17.09	1	0	
2010-08-22 12:05:31	2937	112	115	25.88	28.32	1	0	
2010-08-22 12:05:32	2937	112	115	24.41	28.32	1	0	
2010-08-22 12:05:33	2937	113	115	24.90	27.34	1	0	
2010-08-22 12:05:34	2937	113	115	24.90	27.83	1	0	
2010-08-22 12:05:36	2937	112	115	25.39	28.32	1	0	
2010-08-22 12:05:37	2938	112	115	25.88	28.32	1	0	
2010-08-22 12:05:38	2938	112	115	24.90	28.32	1	0	
2010-08-22 12:05:39	2938	112	115	11.23	28.32	1	0	
2010-08-22 12:05:40	2938	113	115	25.39	28.32	1	0	
2010-08-22 12:05:41	2938	112	116	24.90	27.83	1	0	
2010-08-22 12:05:42	2938	112	116	24.90	28.32	1	0	
2010-08-22 12:05:43	2938	112	116	24.90	28.32	1	0	
2010-08-22 12:05:44	2938	112	116	24.90	28.32	1	0	
2010-08-22 12:05:45	2938	112	116	25.39	27.83	1	0	
2010-08-22 12:05:46	2938	113	116	1.95	28.32	1	0	
2010-08-22 12:05:47	2939	113	116	26.37	27.34	1	0	
2010-08-22 12:05:48	2939	112	116	26.37	27.34	1	0	
2010-08-22 12:05:49	2939	112	116	25.88	21.97	1	0	
2010-08-22 12:05:50	2939	113	116	25.88	27.34	1	0	
2010-08-22 12:05:51	2939	113	116	25.39	27.83	1	0	
2010-08-22 12:05:52	2939	112	116	24.41	28.32	1	0	
2010-08-22 12:05:53	2939	113	116	24.90	27.34	1	0	
2010-08-22 12:05:54	2939	112	116	24.90	28.32	1	0	
2010-08-22 12:05:55	2939	112	116	24.90	27.34	1	0	
2010-08-22 12:05:56	2939	111	116	24.41	28.32	1	0	
2010-08-22 12:05:57	2940	112	116	24.90	27.83	1	0	
2010-08-22 12:05:58	2940	112	116	24.90	28.81	1	0	
2010-08-22 12:05:59	2940	113	116	25.39	28.32	1	0	
2010-08-22 12:06:00	2940	113	116	24.90	28.32	1	0	
2010-08-22 12:06:01	2940	112	116	3.91	28.32	1	0	
2010-08-22 12:06:02	2940	113	116	25.88	28.32	1	0	
2010-08-22 12:06:03	2940	112	116	24.90	28.32	1	0	
2010-08-22 12:06:04	2940	112	116	24.90	27.83	1	0	
2010-08-22 12:06:05	2940	113	116	25.88	28.32	1	0	
2010-08-22 12:06:06	2940	111	116	26.37	27.83	1	0	
2010-08-22 12:06:07	2941	112	115	25.39	27.34	1	0	
2010-08-22 12:06:08	2941	113	115	24.90	28.32	1	0	
2010-08-22 12:06:09	2941	113	115	26.37	28.32	1	0	
2010-08-22 12:06:10	2941	113	115	26.37	27.83	1	0	
2010-08-22 12:06:12	2941	112	115	25.39	29.30	1	0	
2010-08-22 12:06:13	2941	113	115	21.00	28.32	1	0	
2010-08-22 12:06:14	2941	113	116	2.44	28.81	1	0	
2010-08-22 12:06:15	2941	113	116	25.88	27.34	1	0	
2010-08-22 12:06:16	2941	112	116	25.88	27.83	1	0	
2010-08-22 12:06:17	2941	112	116	26.37	27.83	1	0	
2010-08-22 12:06:18	2942	113	115	25.88	27.83	1	0	
2010-08-22 12:06:19	2942	113	115	26.37	18.55	1	0	
2010-08-22 12:06:20	2942	112	115	25.88	29.30	1	0	
2010-08-22 12:06:21	2942	113	115	25.88	28.81	1	0	
2010-08-22 12:06:22	2942	112	116	26.37	27.83	1	0	
2010-08-22 12:06:23	2942	112	116	25.39	29.30	1	0	
2010-08-22 12:06:24	2942	113	116	25.39	27.83	1	0	
2010-08-22 12:06:25	2942	112	116	24.90	29.79	1	0	
2010-08-22 12:06:26	2942	112	116	24.90	28.81	1	0	
2010-08-22 12:06:27	2942	112	116	24.41	28.32	1	0	
2010-08-22 12:06:28	2943	112	115	25.39	29.30	1	0	
2010-08-22 12:06:29	2943	112	115	25.39	28.81	1	0	
2010-08-22 12:06:30	2943	113	115	26.37	28.32	1	0	
2010-08-22 12:06:31	2943	113	115	26.37	29.30	1	0	
2010-08-22 12:06:32	2943	112	115	25.88	28.32	1	0	
2010-08-22 12:06:33	2943	113	115	25.88	28.32	1	0	
2010-08-22 12:06:34	2943	112	115	26.37	28.81	1	0	
2010-08-22 12:06:35	2943	112	115	26.37	28.32	1	0	
2010-08-22 12:06:36	2943	113	115	25.88	26.86	1	0	
2010-08-22 12:06:37	2943	112	115	25.88	28.32	1	0	
2010-08-22 12:06:38	2944	112	115	26.37	28.32	1	0	
2010-08-22 12:06:39	2944	113	115	20.02	28.32	1	0	
2010-08-22 12:06:40	2944	112	115	26.37	27.83	1	0	
2010-08-22 12:06:41	2944	113	115	26.37	28.81	1	0	
2010-08-22 12:06:42	2944	113	115	25.39	28.32	1	0	
2010-08-22 12:06:43	2944	112	115	25.39	29.30	1	0	
2010-08-22 12:06:44	2944	113	116	25.39	28.81	1	0	
2010-08-22 12:06:45	2944	113	116	24.41	28.32	1	0	
2010-08-22 12:06:46	2944	111	116	26.37	28.32	1	0	
2010-08-22 12:06:48	2944	113	116	26.37	28.32	1	0	
2010-08-22 12:06:49	2945	112	115	25.88	28.32	1	0	
2010-08-22 12:06:50	2945	112	115	25.88	28.32	1	0	
2010-08-22 12:06:51	2945	113	116	25.39	28.81	1	0	
2010-08-22 12:06:52	2945	112	116	25.39	28.81	1	0	
2010-08-22 12:06:53	2945	113	116	26.37	27.83	1	0	
2010-08-22 12:06:54	2945	113	116	26.37	28.81	1	0	
2010-08-22 12:06:55	2945	112	116	26.37	28.81	1	0	
2010-08-22 12:06:56	2945	112	116	3.42	28.81	1	0	
2010-08-22 12:06:57	2945	114	116	21.97	28.81	1	0	
2010-08-22 12:06:58	2945	113	116	24.90	29.30	1	0	
2010-08-22 12:06:59	2946	112	115	26.37	28.32	1	0	
2010-08-22 12:07:00	2946	112	115	26.37	28.81	1	0	
2010-08-22 12:07:01	2946	112	116	25.88	29.30	1	0	
2010-08-22 12:07:02	2946	111	116	25.88	28.81	1	0	
2010-08-22 12:07:03	2946	112	116	25.88	28.32	1	0	
2010-08-22 12:07:04	2946	112	116	25.39	24.41	1	0	
2010-08-22 12:07:05	2946	112	116	25.39	25.39	1	0	
2010-08-22 12:07:06	2946	113	116	26.37	28.32	1	0	
2010-08-22 12:07:07	2946	112	116	26.86	28.32	1	0	
2010-08-22 12:07:08	2946	113	116	26.86	28.32	1	0	
2010-08-22 12:07:09	2947	112	116	26.37	27.83	1	0	
2010-08-22 12:07:10	2947	112	116	26.37	28.32	1	0	
2010-08-22 12:07:11	2947	113	116	25.88	28.81	1	0	
2010-08-22 12:07:12	2947	114	116	26.86	18.55	1	0	
2010-08-22 12:07:13	2947	112	116	26.37	27.83	1	0	
2010-08-22 12:07:14	2947	113	116	26.37	28.81	1	0	
2010-08-22 12:07:15	2947	113	116	26.37	29.30	1	0	
2010-08-22 12:07:16	2947	112	116	26.37	28.32	1	0	
2010-08-22 12:07:17	2947	112	116	25.39	28.81	1	0	
2010-08-22 12:07:18	2947	112	116	25.39	28.81	1	0	
2010-08-22 12:07:19	2948	112	116	26.37	28.32	1	0	
2010-08-22 12:07:20	2948	112	116	25.88	29.30	1	0	
2010-08-22 12:07:21	2948	113	116	25.39	28.81	1	0	
2010-08-22 12:07:22	2948	114	116	26.37	27.83	1	0	
2010-08-22 12:07:24	2948	111	116	26.86	27.83	1	0	
2010-08-22 12:07:25	2948	113	116	26.37	28.32	1	0	
2010-08-22 12:07:26	2948	112	116	26.37	28.32	1	0	
2010-08-22 12:07:27	2948	112	116	26.37	28.32	1	0	
2010-08-22 12:07:28	2948	112	116	26.37	27.83	1	0	
2010-08-22 12:07:29	2948	112	116	26.37	28.81	1	0	
2010-08-22 12:07:30	2949	111	114	26.37	27.83	1	0	
2010-08-22 12:07:31	2949	113	115	25.88	28.32	1	0	
2010-08-22 12:07:32	2949	112	115	1.46	28.81	1	0	
2010-08-22 12:07:33	2949	113	115	25.88	28.32	1	0	
2010-08-22 12:07:34	2949	113	115	26.37	27.83	1	0	
2010-08-22 12:07:35	2949	112	115	25.88	29.30	1	0	
2010-08-22 12:07:36	2949	112	115	25.39	28.81	1	0	
2010-08-22 12:07:37	2949	110	115	25.88	28.81	1	0	
2010-08-22 12:07:38	2949	113	115	25.88	28.81	1	0	
2010-08-22 12:07:39	2949	112	115	25.39	28.32	1	0	
2010-08-22 12:07:40	2950	113	114	25.88	27.83	1	0	
2010-08-22 12:07:41	2950	112	115	26.37	28.32	1	0	
2010-08-22 12:07:42	2950	112	115	26.37	28.32	1	0	
2010-08-22 12:07:43	2950	112	116	26.37	27.83	1	0	
2010-08-22 12:07:44	2950	112	116	26.37	28.32	1	0	
2010-08-22 12:07:45	2950	113	116	26.37	26.86	1	0	
2010-08-22 12:07:46	2950	112	116	26.37	26.37	1	0	
2010-08-22 12:07:47	2950	112	116	10.25	28.32	1	0	
2010-08-22 12:07:48	2950	112	116	26.86	18.55	1	0	
2010-08-22 12:07:49	2950	112	116	26.37	19.04	1	0	
2010-08-22 12:07:50	2951	114	115	26.86	27.34	1	0	
2010-08-22 12:07:51	2951	112	115	26.86	29.30	1	0	
2010-08-22 12:07:52	2951	112	115	25.39	28.32	1	0	
2010-08-22 12:07:53	2951	112	115	25.39	29.30	1	0	
2010-08-22 12:07:54	2951	113	115	20.51	27.83	1	0	
2010-08-22 12:07:55	2951	112	115	26.86	28.81	1	0	
2010-08-22 12:07:56	2951	113	116	26.37	28.32	1	0	
2010-08-22 12:07:57	2951	113	116	26.37	28.32	1	0	
2010-08-22 12:07:58	2951	112	116	25.39	29.30	1	0	
2010-08-22 12:08:00	2951	112	116	25.88	28.32	1	0	
2010-08-22 12:08:01	2952	113	116	25.88	3.91	1	0	
2010-08-22 12:08:02	2952	113	116	26.37	28.81	1	0	
2010-08-22 12:08:03	2952	111	116	25.39	6.84	1	0	
2010-08-22 12:08:04	2952	112	116	25.39	28.81	1	0	
2010-08-22 12:08:05	2952	113	116	25.88	28.32	1	0	
2010-08-22 12:08:06	2952	112	116	25.88	28.32	1	0	
2010-08-22 12:08:07	2952	112	116	26.86	28.32	1	0	
2010-08-22 12:08:08	2952	113	116	26.86	28.32	1	0	
2010-08-22 12:08:09	2952	113	116	26.37	27.83	1	0	
2010-08-22 12:08:10	2952	112	116	26.86	28.81	1	0	
2010-08-22 12:08:11	2953	113	115	26.86	28.32	1	0	
2010-08-22 12:08:12	2953	113	115	26.86	26.86	1	0	
2010-08-22 12:08:13	2953	112	115	26.86	27.83	1	0	
2010-08-22 12:08:14	2953	112	115	25.88	28.32	1	0	
2010-08-22 12:08:15	2953	113	116	1.95	29.30	1	0	
2010-08-22 12:08:16	2953	112	116	26.86	28.81	1	0	
2010-08-22 12:08:17	2953	113	116	26.86	29.30	1	0	
2010-08-22 12:08:18	2953	113	116	25.88	28.81	1	0	
2010-08-22 12:08:19	2953	112	116	25.88	28.81	1	0	
2010-08-22 12:08:20	2953	113	116	25.39	28.81	1	0	
2010-08-22 12:08:21	2954	113	115	24.90	28.32	1	0	
2010-08-22 12:08:22	2954	112	115	26.37	28.32	1	0	
2010-08-22 12:08:23	2954	113	115	26.86	28.32	1	0	
2010-08-22 12:08:24	2954	113	115	26.86	27.83	1	0	
2010-08-22 12:08:25	2954	113	115	21.00	29.30	1	0	
2010-08-22 12:08:26	2954	111	115	25.88	28.81	1	0	
2010-08-22 12:08:27	2954	113	116	26.86	18.55	1	0	
2010-08-22 12:08:28	2954	113	116	26.86	28.81	1	0	
2010-08-22 12:08:29	2954	113	116	25.88	28.81	1	0	
2010-08-22 12:08:30	2954	112	116	25.88	28.32	1	0	
2010-08-22 12:08:31	2955	112	115	25.88	8.30	1	0	
2010-08-22 12:08:32	2955	113	115	25.88	29.30	1	0	
2010-08-22 12:08:33	2955	113	115	25.88	28.32	1	0	
2010-08-22 12:08:34	2955	112	116	26.37	28.32	1	0	
2010-08-22 12:08:36	2955	112	116	26.37	28.32	1	0	
2010-08-22 12:08:37	2955	112	116	26.86	19.04	1	0	
2010-08-22 12:08:38	2955	112	116	26.37	28.81	1	0	
2010-08-22 12:08:39	2955	112	116	26.86	28.81	1	0	
2010-08-22 12:08:40	2955	113	116	26.37	27.83	1	0	
2010-08-22 12:08:41	2955	112	116	4.88	28.81	1	0	
2010-08-22 12:08:42	2956	113	116	21.97	28.81	1	0	
2010-08-22 12:08:43	2956	112	116	26.86	27.83	1	0	
2010-08-22 12:08:44	2956	112	116	25.88	28.32	1	0	
2010-08-22 12:08:45	2956	113	116	25.88	28.81	1	0	
2010-08-22 12:08:46	2956	112	116	24.90	27.83	1	0	
2010-08-22 12:08:47	2956	112	116	25.88	28.81	1	0	
2010-08-22 12:08:48	2956	112	116	26.37	28.81	1	0	
2010-08-22 12:08:49	2956	113	116	25.39	9.28	1	0	
2010-08-22 12:08:50	2956	111	116	25.88	28.32	1	0	
2010-08-22 12:08:51	2956	113	116	25.39	28.81	1	0	
2010-08-22 12:08:52	2957	114	115	26.37	27.34	1	0	
2010-08-22 12:08:53	2957	112	115	25.88	3.91	1	0	
2010-08-22 12:08:54	2957	113	115	25.88	28.32	1	0	
2010-08-22 12:08:55	2957	112	115	26.37	28.81	1	0	
2010-08-22 12:08:56	2957	112	115	25.39	27.83	1	0	
2010-08-22 12:08:57	2957	113	115	25.88	27.83	1	0	
2010-08-22 12:08:58	2957	112	116	26.86	27.83	1	0	
2010-08-22 12:08:59	2957	111	116	25.88	27.34	1	0	
2010-08-22 12:09:00	2957	111	116	26.37	26.86	1	0	
2010-08-22 12:09:01	2957	113	116	26.37	27.34	1	0	
2010-08-22 12:09:02	2958	112	115	26.37	27.83	1	0	
2010-08-22 12:09:03	2958	113	115	25.88	28.32	1	0	
2010-08-22 12:09:04	2958	113	116	25.88	28.81	1	0	
2010-08-22 12:09:05	2958	111	116	26.37	28.32	1	0	
2010-08-22 12:09:06	2958	114	116	26.37	28.32	1	0	
2010-08-22 12:09:07	2958	113	116	25.88	27.83	1	0	
2010-08-22 12:09:08	2958	112	116	25.39	29.30	1	0	
2010-08-22 12:09:09	2958	112	116	25.88	28.32	1	0	
2010-08-22 12:09:10	2958	113	116	25.88	28.32	1	0	
2010-08-22 12:09:12	2958	113	116	25.88	8.30	1	0	
2010-08-22 12:09:13	2959	112	115	25.88	10.74	1	0	
2010-08-22 12:09:14	2959	113	115	25.88	28.81	1	0	
2010-08-22 12:09:15	2959	112	115	26.37	27.83	1	0	
2010-08-22 12:09:16	2959	112	115	26.37	28.32	1	0	
2010-08-22 12:09:17	2959	112	115	27.34	28.81	1	0	
2010-08-22 12:09:18	2959	113	115	26.86	28.81	1	0	
2010-08-22 12:09:19	2959	112	115	26.37	28.81	1	0	
2010-08-22 12:09:20	2959	112	115	3.42	28.32	1	0	
2010-08-22 12:09:21	2959	113	116	25.88	28.32	1	0	
2010-08-22 12:09:22	2959	112	116	25.88	28.81	1	0	
2010-08-22 12:09:23	2960	112	115	27.34	29.30	1	0	
2010-08-22 12:09:24	2960	114	116	4.88	28.81	1	0	
2010-08-22 12:09:25	2960	112	116	25.88	29.30	1	0	
2010-08-22 12:09:26	2960	111	116	26.37	28.32	1	0	
2010-08-22 12:09:27	2960	112	116	25.39	27.83	1	0	
2010-08-22 12:09:28	2960	112	116	26.37	28.32	1	0	
2010-08-22 12:09:29	2960	113	116	20.51	28.32	1	0	
2010-08-22 12:09:30	2960	112	116	25.88	7.32	1	0	
2010-08-22 12:09:31	2960	111	116	26.86	27.83	1	0	
2010-08-22 12:09:32	2960	113	116	26.86	28.32	1	0	
2010-08-22 12:09:33	2961	112	115	25.88	28.32	1	0	
2010-08-22 12:09:34	2961	112	115	25.39	28.81	1	0	
2010-08-22 12:09:35	2961	114	115	27.34	28.32	1	0	
2010-08-22 12:09:36	2961	112	115	26.86	28.32	1	0	
2010-08-22 12:09:37	2961	113	115	26.86	28.32	1	0	
2010-08-22 12:09:38	2961	113	116	26.37	28.81	1	0	
2010-08-22 12:09:39	2961	113	116	21.00	27.34	1	0	
2010-08-22 12:09:40	2961	112	116	26.37	27.83	1	0	
2010-08-22 12:09:41	2961	113	116	26.86	27.34	1	0	
2010-08-22 12:09:42	2961	112	116	26.37	27.83	1	0	
2010-08-22 12:09:43	2962	112	114	27.34	19.04	1	0	
2010-08-22 12:09:44	2962	113	114	27.34	27.83	1	0	
2010-08-22 12:09:45	2962	112	116	27.34	28.32	1	0	
2010-08-22 12:09:46	2962	112	116	26.37	28.81	1	0	
2010-08-22 12:09:48	2962	113	116	26.37	11.72	1	0	
2010-08-22 12:09:49	2962	112	116	25.88	28.81	1	0	
2010-08-22 12:09:50	2962	113	116	27.34	27.83	1	0	
2010-08-22 12:09:51	2962	114	116	27.34	27.83	1	0	
2010-08-22 12:09:52	2962	112	116	26.86	27.83	1	0	
2010-08-22 12:09:53	2962	114	116	26.86	27.34	1	0	
2010-08-22 12:09:54	2963	112	116	26.86	28.32	1	0	
2010-08-22 12:09:55	2963	113	116	26.86	27.34	1	0	
2010-08-22 12:09:56	2963	113	116	26.86	27.34	1	0	
2010-08-22 12:09:57	2963	113	116	26.86	27.83	1	0	
2010-08-22 12:09:58	2963	112	116	26.86	27.83	1	0	
2010-08-22 12:09:59	2963	112	116	26.86	28.32	1	0	
2010-08-22 12:10:00	2963	113	116	26.86	27.83	1	0	
2010-08-22 12:10:01	2963	112	116	4.88	28.81	1	0	
2010-08-22 12:10:02	2963	113	116	25.88	27.83	1	0	
2010-08-22 12:10:03	2963	112	116	26.37	29.30	1	0	
2010-08-22 12:10:04	2964	112	114	26.37	29.30	1	0	
2010-08-22 12:10:05	2964	112	114	25.88	28.32	1	0	
2010-08-22 12:10:06	2964	112	115	26.86	27.83	1	0	
2010-08-22 12:10:07	2964	112	115	27.34	28.32	1	0	
2010-08-22 12:10:08	2964	112	115	26.86	27.83	1	0	
2010-08-22 12:10:09	2964	113	116	26.86	28.81	1	0	
2010-08-22 12:10:10	2964	112	116	27.34	29.30	1	0	
2010-08-22 12:10:11	2964	113	116	26.86	28.81	1	0	
2010-08-22 12:10:12	2964	112	116	27.34	28.81	1	0	
2010-08-22 12:10:13	2964	112	116	26.86	28.81	1	0	
2010-08-22 12:10:14	2965	113	114	26.86	27.83	1	0	
2010-08-22 12:10:15	2965	113	116	26.86	27.83	1	0	
2010-08-22 12:10:16	2965	112	116	21.97	28.81	1	0	
2010-08-22 12:10:17	2965	112	116	26.86	28.81	1	0	
2010-08-22 12:10:18	2965	112	116	25.88	28.81	1	0	
2010-08-22 12:10:19	2965	111	116	26.37	29.30	1	0	
2010-08-22 12:10:20	2965	113	116	27.34	28.81	1	0	
2010-08-22 12:10:21	2965	113	116	27.34	18.55	1	0	
2010-08-22 12:10:22	2965	112	116	27.34	28.32	1	0	
2010-08-22 12:10:24	2965	113	116	26.37	29.30	1	0	
2010-08-22 12:10:25	2966	113	116	27.34	28.81	1	0	
2010-08-22 12:10:26	2966	112	116	27.34	19.53	1	0	
2010-08-22 12:10:27	2966	113	116	26.37	28.81	1	0	
2010-08-22 12:10:28	2966	112	116	26.86	29.30	1	0	
2010-08-22 12:10:29	2966	112	116	27.34	29.79	1	0	
2010-08-22 12:10:30	2966	113	116	26.86	30.27	1	0	
2010-08-22 12:10:31	2966	112	116	26.37	29.79	1	0	
2010-08-22 12:10:32	2966	112	116	26.37	29.79	1	0	
2010-08-22 12:10:33	2966	113	116	26.37	29.30	1	0	
2010-08-22 12:10:34	2966	112	116	26.86	30.27	1	0	
2010-08-22 12:10:35	2967	112	114	26.37	29.30	1	0	
2010-08-22 12:10:36	2967	112	115	26.37	29.79	1	0	
2010-08-22 12:10:37	2967	113	116	26.86	29.79	1	0	
2010-08-22 12:10:38	2967	111	116	26.37	30.27	1	0	
2010-08-22 12:10:39	2967	114	116	27.34	29.30	1	0	
2010-08-22 12:10:40	2967	113	116	21.48	29.79	1	0	
2010-08-22 12:10:41	2967	112	116	21.00	29.30	1	0	
2010-08-22 12:10:42	2967	113	116	27.34	29.30	1	0	
2010-08-22 12:10:43	2967	113	116	27.34	29.30	1	0	
2010-08-22 12:10:44	2967	113	116	27.83	29.79	1	0	
2010-08-22 12:10:45	2968	112	114	27.34	29.30	1	0	
2010-08-22 12:10:46	2968	113	115	27.34	20.02	1	0	
2010-08-22 12:10:47	2968	113	116	27.83	29.79	1	0	
2010-08-22 12:10:48	2968	112	116	27.83	29.79	1	0	
2010-08-22 12:10:49	2968	112	116	27.83	29.79	1	0	
2010-08-22 12:10:50	2968	113	116	28.32	30.27	1	0	
2010-08-22 12:10:51	2968	112	116	26.37	31.74	1	0	
2010-08-22 12:10:52	2968	112	116	23.44	30.76	1	0	
2010-08-22 12:10:53	2968	113	116	27.34	4.39	1	0	
2010-08-22 12:10:54	2968	112	116	27.34	25.88	1	0	
2010-08-22 12:10:55	2969	113	114	26.86	26.37	1	0	
2010-08-22 12:10:56	2969	113	115	27.34	30.76	1	0	
2010-08-22 12:10:57	2969	110	115	25.39	29.79	1	0	
2010-08-22 12:10:58	2969	112	115	21.00	30.27	1	0	
2010-08-22 12:11:00	2969	113	115	27.83	29.79	1	0	
2010-08-22 12:11:01	2969	110	115	27.34	31.25	1	0	
2010-08-22 12:11:02	2969	112	115	26.86	29.79	1	0	
2010-08-22 12:11:03	2969	113	115	28.32	29.79	1	0	
2010-08-22 12:11:04	2969	112	115	21.97	29.79	1	0	
2010-08-22 12:11:05	2969	113	115	28.32	30.76	1	0	
2010-08-22 12:11:06	2970	114	115	7.81	31.25	1	0	
2010-08-22 12:11:07	2970	112	115	23.93	31.25	1	0	
2010-08-22 12:11:08	2970	114	116	28.32	31.25	1	0	
2010-08-22 12:11:09	2970	112	116	27.34	31.25	1	0	
2010-08-22 12:11:10	2970	112	116	26.86	31.25	1	0	
2010-08-22 12:11:11	2970	113	116	27.83	31.74	1	0	
2010-08-22 12:11:12	2970	113	116	27.34	31.25	1	0	
2010-08-22 12:11:13	2970	112	116	27.34	29.79	1	0	
2010-08-22 12:11:14	2970	113	116	28.32	29.30	1	0	
2010-08-22 12:11:15	2970	113	116	28.32	29.79	1	0	
2010-08-22 12:11:16	2971	112	115	28.81	30.27	1	0	
2010-08-22 12:11:17	2971	112	115	28.81	31.25	1	0	
2010-08-22 12:11:18	2971	113	115	27.83	31.25	1	0	
2010-08-22 12:11:19	2971	112	116	27.83	31.74	1	0	
2010-08-22 12:11:20	2971	112	116	27.34	30.27	1	0	
2010-08-22 12:11:21	2971	113	116	27.34	30.76	1	0	
2010-08-22 12:11:22	2971	112	116	27.34	26.86	1	0	
2010-08-22 12:11:23	2971	113	116	27.34	30.76	1	0	
2010-08-22 12:11:24	2971	112	116	28.81	30.76	1	0	
2010-08-22 12:11:25	2971	112	116	28.81	30.27	1	0	
2010-08-22 12:11:26	2972	113	115	27.34	6.35	1	0	
2010-08-22 12:11:27	2972	113	115	27.34	30.76	1	0	
2010-08-22 12:11:28	2972	112	116	28.81	30.27	1	0	
2010-08-22 12:11:29	2972	112	116	27.83	31.25	1	0	
2010-08-22 12:11:30	2972	112	116	27.34	31.74	1	0	
2010-08-22 12:11:31	2972	112	116	28.32	31.25	1	0	
2010-08-22 12:11:32	2972	112	116	27.34	7.32	1	0	
2010-08-22 12:11:33	2972	113	116	27.34	8.79	1	0	
2010-08-22 12:11:34	2972	112	116	27.34	30.27	1	0	
2010-08-22 12:11:36	2972	113	116	25.88	30.27	1	0	
2010-08-22 12:11:37	2973	112	115	28.32	30.76	1	0	
2010-08-22 12:11:38	2973	112	115	28.32	30.27	1	0	
2010-08-22 12:11:39	2973	113	115	28.32	30.27	1	0	
2010-08-22 12:11:40	2973	112	115	28.32	30.27	1	0	
2010-08-22 12:11:41	2973	112	115	27.83	29.79	1	0	
2010-08-22 12:11:42	2973	113	116	28.81	30.76	1	0	
2010-08-22 12:11:43	2973	112	116	28.81	30.76	1	0	
2010-08-22 12:11:44	2973	113	116	27.83	31.74	1	0	
2010-08-22 12:11:45	2973	113	116	27.83	26.86	1	0	
2010-08-22 12:11:46	2973	112	116	28.81	30.76	1	0	
2010-08-22 12:11:47	2974	112	115	26.86	30.76	1	0	
2010-08-22 12:11:48	2974	113	116	28.81	21.48	1	0	
2010-08-22 12:11:49	2974	112	116	27.83	31.25	1	0	
2010-08-22 12:11:50	2974	113	116	27.83	31.25	1	0	
2010-08-22 12:11:51	2974	112	116	27.83	31.25	1	0	
2010-08-22 12:11:52	2974	112	116	27.83	26.86	1	0	
2010-08-22 12:11:53	2974	113	116	27.83	30.27	1	0	
2010-08-22 12:11:54	2974	112	116	27.83	30.76	1	0	
2010-08-22 12:11:55	2974	113	116	27.83	30.76	1	0	
2010-08-22 12:11:56	2974	114	116	27.83	29.79	1	0	
2010-08-22 12:11:57	2975	112	116	27.83	30.27	1	0	
2010-08-22 12:11:58	2975	112	116	27.83	30.27	1	0	
2010-08-22 12:11:59	2975	113	116	28.32	29.79	1	0	
2010-08-22 12:12:00	2975	112	116	8.79	31.25	1	0	
2010-08-22 12:12:01	2975	113	116	27.83	31.25	1	0	
2010-08-22 12:12:02	2975	111	116	28.32	31.25	1	0	
2010-08-22 12:12:03	2975	112	116	27.83	26.37	1	0	
2010-08-22 12:12:04	2975	113	116	27.83	31.25	1	0	
2010-08-22 12:12:05	2975	113	116	27.83	30.27	1	0	
2010-08-22 12:12:06	2975	113	116	27.83	10.74	1	0	
2010-08-22 12:12:07	2976	113	115	26.86	30.27	1	0	
2010-08-22 12:12:08	2976	112	115	27.83	30.76	1	0	
2010-08-22 12:12:09	2976	113	116	22.46	30.27	1	0	
2010-08-22 12:12:10	2976	112	116	27.83	7.32	1	0	
2010-08-22 12:12:12	2976	112	116	28.81	30.27	1	0	
2010-08-22 12:12:13	2976	113	116	28.32	31.25	1	0	
2010-08-22 12:12:14	2976	112	116	27.83	30.76	1	0	
2010-08-22 12:12:15	2976	112	116	27.83	30.27	1	0	
2010-08-22 12:12:16	2976	113	116	28.81	29.79	1	0	
2010-08-22 12:12:17	2976	112	116	29.30	21.00	1	0	
2010-08-22 12:12:18	2977	113	115	27.83	31.74	1	0	
2010-08-22 12:12:19	2977	112	116	29.30	29.30	1	0	
2010-08-22 12:12:20	2977	112	116	28.32	30.76	1	0	
2010-08-22 12:12:21	2977	113	116	28.81	29.79	1	0	
2010-08-22 12:12:22	2977	112	116	16.11	30.27	1	0	
2010-08-22 12:12:23	2977	112	116	28.81	29.30	1	0	
2010-08-22 12:12:24	2977	114	116	27.83	30.76	1	0	
2010-08-22 12:12:25	2977	112	116	27.83	30.27	1	0	
2010-08-22 12:12:26	2977	113	116	29.30	29.79	1	0	
2010-08-22 12:12:27	2977	113	116	28.32	30.27	1	0	
2010-08-22 12:12:28	2978	112	116	29.30	29.79	1	0	
2010-08-22 12:12:29	2978	112	116	29.30	29.79	1	0	
2010-08-22 12:12:30	2978	113	116	14.65	30.27	1	0	
2010-08-22 12:12:31	2978	113	116	27.34	29.79	1	0	
2010-08-22 12:12:32	2978	112	116	27.34	29.79	1	0	
2010-08-22 12:12:33	2978	112	116	25.39	30.27	1	0	
2010-08-22 12:12:34	2978	113	116	28.81	29.79	1	0	
2010-08-22 12:12:35	2978	113	116	27.83	29.79	1	0	
2010-08-22 12:12:36	2978	112	116	25.39	29.30	1	0	
2010-08-22 12:12:37	2978	112	116	28.32	27.83	1	0	
2010-08-22 12:12:38	2979	113	115	27.83	30.27	1	0	
2010-08-22 12:12:39	2979	112	115	28.32	28.81	1	0	
2010-08-22 12:12:40	2979	113	115	28.81	28.81	1	0	
2010-08-22 12:12:41	2979	113	116	27.83	29.30	1	0	
2010-08-22 12:12:42	2979	112	116	28.32	28.32	1	0	
2010-08-22 12:12:43	2979	113	116	27.83	30.27	1	0	
2010-08-22 12:12:44	2979	113	116	27.83	29.79	1	0	
2010-08-22 12:12:45	2979	113	116	28.32	30.27	1	0	
2010-08-22 12:12:46	2979	113	116	24.90	29.30	1	0	
2010-08-22 12:12:48	2979	112	116	28.81	29.30	1	0	
2010-08-22 12:12:49	2980	114	116	28.81	23.93	1	0	
2010-08-22 12:12:50	2980	113	116	27.34	28.81	1	0	
2010-08-22 12:12:51	2980	111	116	16.11	29.79	1	0	
2010-08-22 12:12:52	2980	112	116	28.81	29.79	1	0	
2010-08-22 12:12:53	2980	113	116	27.83	29.79	1	0	
2010-08-22 12:12:54	2980	112	116	28.32	26.86	1	0	
2010-08-22 12:12:55	2980	113	116	27.34	30.76	1	0	
2010-08-22 12:12:56	2980	112	116	28.32	29.30	1	0	
2010-08-22 12:12:57	2980	112	116	27.83	29.79	1	0	
2010-08-22 12:12:58	2980	113	116	23.93	29.79	1	0	
2010-08-22 12:12:59	2981	112	117	24.90	30.27	1	0	
2010-08-22 12:13:00	2981	113	117	28.81	30.27	1	0	
2010-08-22 12:13:01	2981	114	117	27.34	29.30	1	0	
2010-08-22 12:13:02	2981	112	117	27.83	30.27	1	0	
2010-08-22 12:13:03	2981	113	117	27.83	29.79	1	0	
2010-08-22 12:13:04	2981	113	117	29.79	29.79	1	0	
2010-08-22 12:13:05	2981	112	117	27.83	30.27	1	0	
2010-08-22 12:13:06	2981	113	117	27.83	30.27	1	0	
2010-08-22 12:13:07	2981	112	117	23.93	30.27	1	0	
2010-08-22 12:13:08	2981	112	117	24.41	30.76	1	0	
2010-08-22 12:13:09	2982	113	116	25.88	29.79	1	0	
2010-08-22 12:13:10	2982	112	116	27.83	30.76	1	0	
2010-08-22 12:13:11	2982	112	116	27.83	29.79	1	0	
2010-08-22 12:13:12	2982	113	116	23.93	30.27	1	0	
2010-08-22 12:13:13	2982	114	116	28.81	30.27	1	0	
2010-08-22 12:13:14	2982	112	116	28.81	23.93	1	0	
2010-08-22 12:13:15	2982	112	116	27.83	30.27	1	0	
2010-08-22 12:13:16	2982	112	116	28.81	27.83	1	0	
2010-08-22 12:13:17	2982	113	116	27.83	29.79	1	0	
2010-08-22 12:13:18	2982	112	116	26.37	30.27	1	0	
2010-08-22 12:13:19	2983	112	114	28.81	29.79	1	0	
2010-08-22 12:13:20	2983	113	115	28.81	30.76	1	0	
2010-08-22 12:13:21	2983	112	115	28.32	30.76	1	0	
2010-08-22 12:13:22	2983	112	115	28.81	29.79	1	0	
2010-08-22 12:13:24	2983	113	116	27.83	30.76	1	0	
2010-08-22 12:13:25	2983	112	116	29.30	29.79	1	0	
2010-08-22 12:13:26	2983	113	116	28.32	30.76	1	0	
2010-08-22 12:13:27	2983	113	116	28.32	31.25	1	0	
2010-08-22 12:13:28	2983	112	116	28.81	24.41	1	0	
2010-08-22 12:13:29	2983	113	116	28.32	30.27	1	0	
2010-08-22 12:13:30	2984	112	116	29.30	30.27	1	0	
2010-08-22 12:13:31	2984	113	116	28.81	30.76	1	0	
2010-08-22 12:13:32	2984	113	117	26.37	29.30	1	0	
2010-08-22 12:13:33	2984	112	117	27.83	30.76	1	0	
2010-08-22 12:13:34	2984	113	117	27.83	30.27	1	0	
2010-08-22 12:13:35	2984	112	117	28.81	29.79	1	0	
2010-08-22 12:13:36	2984	112	117	28.32	31.25	1	0	
2010-08-22 12:13:37	2984	112	117	28.81	30.27	1	0	
2010-08-22 12:13:38	2984	113	117	28.32	30.76	1	0	
2010-08-22 12:13:39	2984	112	117	29.30	30.27	1	0	
2010-08-22 12:13:40	2985	113	115	28.81	30.76	1	0	
2010-08-22 12:13:41	2985	113	116	28.81	30.27	1	0	
2010-08-22 12:13:42	2985	113	116	29.30	26.86	1	0	
2010-08-22 12:13:43	2985	113	116	27.34	11.72	1	0	
2010-08-22 12:13:44	2985	113	116	27.83	30.27	1	0	
2010-08-22 12:13:45	2985	112	116	28.32	31.25	1	0	
2010-08-22 12:13:46	2985	116	116	29.30	30.27	1	0	
2010-08-22 12:13:47	2985	113	116	28.32	31.25	1	0	
2010-08-22 12:13:48	2985	112	116	29.30	29.79	1	0	
2010-08-22 12:13:49	2985	114	116	28.81	30.27	1	0	
2010-08-22 12:13:50	2986	112	116	27.34	30.76	1	0	
2010-08-22 12:13:51	2986	112	116	29.30	30.76	1	0	
2010-08-22 12:13:52	2986	113	116	28.81	30.27	1	0	
2010-08-22 12:13:53	2986	111	116	29.30	30.27	1	0	
2010-08-22 12:13:54	2986	113	116	28.32	30.76	1	0	
2010-08-22 12:13:55	2986	113	116	29.30	29.79	1	0	
2010-08-22 12:13:56	2986	112	116	15.63	30.76	1	0	
2010-08-22 12:13:57	2986	112	116	28.81	30.27	1	0	
2010-08-22 12:13:58	2986	113	116	28.81	30.27	1	0	
2010-08-22 12:14:00	2986	112	116	29.30	29.79	1	0	
2010-08-22 12:14:01	2987	113	116	28.81	27.83	1	0	
2010-08-22 12:14:02	2987	111	116	27.34	26.86	1	0	
2010-08-22 12:14:03	2987	113	116	27.83	12.70	1	0	
2010-08-22 12:14:04	2987	114	116	29.30	23.93	1	0	
2010-08-22 12:14:05	2987	112	116	27.83	31.25	1	0	
2010-08-22 12:14:06	2987	113	116	29.30	22.46	1	0	
2010-08-22 12:14:07	2987	113	116	25.39	30.27	1	0	
2010-08-22 12:14:08	2987	112	116	29.30	30.76	1	0	
2010-08-22 12:14:09	2987	113	116	28.32	31.25	1	0	
2010-08-22 12:14:10	2987	113	116	29.30	30.27	1	0	
2010-08-22 12:14:11	2988	112	116	28.32	30.76	1	0	
2010-08-22 12:14:12	2988	112	116	27.83	29.30	1	0	
2010-08-22 12:14:13	2988	112	117	29.30	30.76	1	0	
2010-08-22 12:14:14	2988	111	117	29.30	30.27	1	0	
2010-08-22 12:14:15	2988	113	117	28.32	31.25	1	0	
2010-08-22 12:14:16	2988	111	117	29.30	30.27	1	0	
2010-08-22 12:14:17	2988	112	117	28.32	31.25	1	0	
2010-08-22 12:14:18	2988	113	117	29.30	30.27	1	0	
2010-08-22 12:14:19	2988	112	117	28.81	30.76	1	0	
2010-08-22 12:14:20	2988	112	117	27.83	30.76	1	0	
2010-08-22 12:14:21	2989	113	117	28.81	29.79	1	0	
2010-08-22 12:14:22	2989	113	117	13.18	30.76	1	0	
2010-08-22 12:14:23	2989	112	117	26.37	30.27	1	0	
2010-08-22 12:14:24	2989	113	117	28.81	27.34	1	0	
2010-08-22 12:14:25	2989	112	117	26.86	29.79	1	0	
2010-08-22 12:14:26	2989	113	117	28.81	30.27	1	0	
2010-08-22 12:14:27	2989	113	117	27.83	30.27	1	0	
2010-08-22 12:14:28	2989	112	117	28.81	29.30	1	0	
2010-08-22 12:14:29	2989	114	117	27.83	30.76	1	0	
2010-08-22 12:14:30	2989	112	117	28.81	29.30	1	0	
2010-08-22 12:14:31	2990	113	114	29.30	29.30	1	0	
2010-08-22 12:14:32	2990	113	116	27.83	30.27	1	0	
2010-08-22 12:14:33	2990	112	116	28.81	28.81	1	0	
2010-08-22 12:14:34	2990	112	116	28.81	23.93	1	0	
2010-08-22 12:14:35	2990	115	116	28.32	30.27	1	0	
2010-08-22 12:14:37	2990	112	116	28.81	29.30	1	0	
2010-08-22 12:14:38	2990	112	116	27.34	29.30	1	0	
2010-08-22 12:14:39	2990	113	116	28.81	29.30	1	0	
2010-08-22 12:14:40	2990	112	116	28.81	30.27	1	0	
2010-08-22 12:14:41	2990	112	116	27.83	29.79	1	0	
2010-08-22 12:14:42	2991	113	116	28.32	29.30	1	0	
2010-08-22 12:14:43	2991	113	116	28.32	30.27	1	0	
2010-08-22 12:14:44	2991	113	116	27.34	29.79	1	0	
2010-08-22 12:14:45	2991	113	116	27.83	30.27	1	0	
2010-08-22 12:14:46	2991	112	116	28.81	29.79	1	0	
2010-08-22 12:14:47	2991	113	116	28.32	30.76	1	0	
2010-08-22 12:14:48	2991	112	116	28.32	29.30	1	0	
2010-08-22 12:14:49	2991	111	116	27.83	30.27	1	0	
2010-08-22 12:14:50	2991	113	116	28.32	29.79	1	0	
2010-08-22 12:14:51	2991	112	116	28.32	30.76	1	0	
2010-08-22 12:14:52	2992	113	116	27.83	29.79	1	0	
2010-08-22 12:14:53	2992	112	116	28.81	30.76	1	0	
2010-08-22 12:14:54	2992	112	116	24.90	29.79	1	0	
2010-08-22 12:14:55	2992	112	116	28.81	29.79	1	0	
2010-08-22 12:14:56	2992	114	116	27.83	30.27	1	0	
2010-08-22 12:14:57	2992	112	116	28.32	29.79	1	0	
2010-08-22 12:14:58	2992	113	116	28.32	30.76	1	0	
2010-08-22 12:14:59	2992	113	116	27.83	30.76	1	0	
2010-08-22 12:15:00	2992	112	117	28.81	29.30	1	0	
2010-08-22 12:15:01	2992	112	117	27.83	30.76	1	0	
2010-08-22 12:15:02	2993	113	116	27.83	30.27	1	0	
2010-08-22 12:15:03	2993	113	116	28.81	29.79	1	0	
2010-08-22 12:15:04	2993	111	116	27.83	29.79	1	0	
2010-08-22 12:15:05	2993	113	116	28.81	30.27	1	0	
2010-08-22 12:15:06	2993	112	116	27.83	30.27	1	0	
2010-08-22 12:15:07	2993	113	116	28.81	23.93	1	0	
2010-08-22 12:15:08	2993	112	116	27.34	29.79	1	0	
2010-08-22 12:15:09	2993	113	116	28.32	30.76	1	0	
2010-08-22 12:15:10	2993	112	116	27.83	31.25	1	0	
2010-08-22 12:15:11	2993	112	117	28.81	24.41	1	0	
2010-08-22 12:15:13	2994	112	115	27.83	31.25	1	0	
2010-08-22 12:15:14	2994	112	115	27.34	30.27	1	0	
2010-08-22 12:15:15	2994	115	116	27.83	30.76	1	0	
2010-08-22 12:15:16	2994	112	116	28.81	29.79	1	0	
2010-08-22 12:15:17	2994	113	116	27.83	31.25	1	0	
2010-08-22 12:15:18	2994	113	116	27.83	29.79	1	0	
2010-08-22 12:15:19	2994	112	116	28.32	29.79	1	0	
2010-08-22 12:15:20	2994	113	116	16.11	30.76	1	0	
2010-08-22 12:15:21	2994	113	116	27.83	30.76	1	0	
2010-08-22 12:15:22	2994	113	116	28.81	29.79	1	0	
2010-08-22 12:15:23	2995	112	115	28.32	30.76	1	0	
2010-08-22 12:15:24	2995	112	115	27.83	30.76	1	0	
2010-08-22 12:15:25	2995	113	116	28.81	29.79	1	0	
2010-08-22 12:15:26	2995	112	116	27.34	30.76	1	0	
2010-08-22 12:15:27	2995	112	116	28.81	29.79	1	0	
2010-08-22 12:15:28	2995	113	116	28.81	23.93	1	0	
2010-08-22 12:15:29	2995	111	116	27.83	30.27	1	0	
2010-08-22 12:15:30	2995	112	116	28.81	24.41	1	0	
2010-08-22 12:15:31	2995	112	116	27.83	30.27	1	0	
2010-08-22 12:15:32	2995	112	116	28.81	29.30	1	0	
2010-08-22 12:15:33	2996	112	114	29.30	29.79	1	0	
2010-08-22 12:15:34	2996	113	116	27.83	30.76	1	0	
2010-08-22 12:15:35	2996	112	116	28.81	23.93	1	0	
2010-08-22 12:15:36	2996	112	116	27.83	31.25	1	0	
2010-08-22 12:15:37	2996	114	116	28.32	29.79	1	0	
2010-08-22 12:15:38	2996	112	116	27.83	30.27	1	0	
2010-08-22 12:15:39	2996	112	116	28.81	30.27	1	0	
2010-08-22 12:15:40	2996	112	116	28.32	30.76	1	0	
2010-08-22 12:15:41	2996	114	116	28.81	30.27	1	0	
2010-08-22 12:15:42	2996	113	116	27.83	30.76	1	0	
2010-08-22 12:15:43	2997	113	115	28.81	29.30	1	0	
2010-08-22 12:15:44	2997	112	116	28.81	30.76	1	0	
2010-08-22 12:15:45	2997	112	116	27.34	30.27	1	0	
2010-08-22 12:15:46	2997	113	116	27.34	31.25	1	0	
2010-08-22 12:15:47	2997	111	116	29.30	29.79	1	0	
2010-08-22 12:15:49	2997	113	116	28.81	29.79	1	0	
2010-08-22 12:15:50	2997	112	116	28.32	30.27	1	0	
2010-08-22 12:15:51	2997	111	116	27.83	31.25	1	0	
2010-08-22 12:15:52	2997	113	116	27.34	29.79	1	0	
2010-08-22 12:15:53	2997	112	116	28.81	30.27	1	0	
2010-08-22 12:15:54	2998	112	115	27.83	31.25	1	0	
2010-08-22 12:15:55	2998	114	115	28.32	21.97	1	0	
2010-08-22 12:15:56	2998	114	115	27.83	29.79	1	0	
2010-08-22 12:15:57	2998	113	116	27.83	31.25	1	0	
2010-08-22 12:15:58	2998	112	116	28.81	30.27	1	0	
2010-08-22 12:15:59	2998	113	116	27.83	30.76	1	0	
2010-08-22 12:16:00	2998	112	116	27.34	26.86	1	0	
2010-08-22 12:16:01	2998	114	116	28.81	30.76	1	0	
2010-08-22 12:16:02	2998	113	116	27.34	30.76	1	0	
2010-08-22 12:16:03	2998	112	116	28.32	30.27	1	0	
2010-08-22 12:16:04	2999	113	115	27.34	30.76	1	0	
2010-08-22 12:16:05	2999	112	115	28.81	28.32	1	0	
2010-08-22 12:16:06	2999	112	115	27.83	11.72	1	0	
2010-08-22 12:16:07	2999	113	116	28.81	30.27	1	0	
2010-08-22 12:16:08	2999	111	116	28.81	24.41	1	0	
2010-08-22 12:16:09	2999	112	116	27.34	30.76	1	0	
2010-08-22 12:16:10	2999	113	116	28.81	30.27	1	0	
2010-08-22 12:16:11	2999	111	116	28.81	31.25	1	0	
2010-08-22 12:16:12	2999	112	116	27.83	30.27	1	0	
2010-08-22 12:16:13	2999	112	116	27.83	30.76	1	0	
2010-08-22 12:16:14	3000	112	115	27.34	30.27	1	0	
2010-08-22 12:16:15	3000	113	115	27.34	30.27	1	0	
2010-08-22 12:16:16	3000	113	115	14.65	30.76	1	0	
2010-08-22 12:16:17	3000	113	116	28.81	30.27	1	0	
2010-08-22 12:16:18	3000	112	116	27.83	31.25	1	0	
2010-08-22 12:16:19	3000	113	117	27.83	30.27	1	0	
2010-08-22 12:16:20	3000	112	117	28.32	31.25	1	0	
2010-08-22 12:16:21	3000	113	117	28.81	29.79	1	0	
2010-08-22 12:16:22	3000	114	117	28.81	28.32	1	0	
2010-08-22 12:16:23	3000	111	117	27.83	30.76	1	0	
2010-08-22 12:16:25	3001	112	115	28.81	30.27	1	0	
2010-08-22 12:16:26	3001	113	116	27.83	31.25	1	0	
2010-08-22 12:16:27	3001	112	116	28.81	30.27	1	0	
2010-08-22 12:16:28	3001	112	116	28.81	31.25	1	0	
2010-08-22 12:16:29	3001	113	116	24.90	30.27	1	0	
2010-08-22 12:16:30	3001	112	116	8.79	31.25	1	0	
2010-08-22 12:16:31	3001	113	116	27.83	30.76	1	0	
2010-08-22 12:16:32	3001	113	116	28.81	24.41	1	0	
2010-08-22 12:16:33	3001	111	117	27.83	30.27	1	0	
2010-08-22 12:16:34	3001	112	117	28.81	30.27	1	0	
2010-08-22 12:16:35	3002	113	115	28.81	30.27	1	0	
2010-08-22 12:16:36	3002	112	115	27.83	30.76	1	0	
2010-08-22 12:16:37	3002	113	115	29.30	23.93	1	0	
2010-08-22 12:16:38	3002	112	116	27.83	30.27	1	0	
2010-08-22 12:16:39	3002	112	116	28.81	29.79	1	0	
2010-08-22 12:16:40	3002	113	116	27.83	30.76	1	0	
2010-08-22 12:16:41	3002	111	116	28.81	30.27	1	0	
2010-08-22 12:16:42	3002	113	116	29.30	20.51	1	0	
2010-08-22 12:16:43	3002	112	116	27.83	29.79	1	0	
2010-08-22 12:16:44	3002	112	116	27.83	30.27	1	0	
2010-08-22 12:16:45	3003	113	116	28.32	30.27	1	0	
2010-08-22 12:16:46	3003	112	116	28.81	29.79	1	0	
2010-08-22 12:16:47	3003	112	116	28.81	29.30	1	0	
2010-08-22 12:16:48	3003	113	116	27.83	30.27	1	0	
2010-08-22 12:16:49	3003	111	116	28.81	29.30	1	0	
2010-08-22 12:16:50	3003	113	116	28.81	29.79	1	0	
2010-08-22 12:16:51	3003	112	116	27.83	30.76	1	0	
2010-08-22 12:16:52	3003	112	116	28.81	23.44	1	0	
2010-08-22 12:16:53	3003	113	116	27.83	30.27	1	0	
2010-08-22 12:16:54	3003	112	116	27.83	30.27	1	0	
2010-08-22 12:16:55	3004	113	115	28.81	19.53	1	0	
2010-08-22 12:16:56	3004	113	115	27.83	29.30	1	0	
2010-08-22 12:16:57	3004	112	115	28.81	30.27	1	0	
2010-08-22 12:16:58	3004	113	115	28.32	30.27	1	0	
2010-08-22 12:16:59	3004	112	116	28.81	29.79	1	0	
2010-08-22 12:17:00	3004	114	116	28.81	30.76	1	0	
2010-08-22 12:17:02	3004	111	116	28.32	30.27	1	0	
2010-08-22 12:17:03	3004	112	116	27.83	29.79	1	0	
2010-08-22 12:17:04	3004	113	116	27.83	30.76	1	0	
2010-08-22 12:17:05	3004	113	116	27.83	30.27	1	0	
2010-08-22 12:17:06	3005	112	116	27.83	29.79	1	0	
2010-08-22 12:17:07	3005	113	116	28.81	30.27	1	0	
2010-08-22 12:17:08	3005	112	116	27.34	29.79	1	0	
2010-08-22 12:17:09	3005	113	116	28.81	29.79	1	0	
2010-08-22 12:17:10	3005	115	116	27.34	30.76	1	0	
2010-08-22 12:17:11	3005	112	116	28.81	27.83	1	0	
2010-08-22 12:17:12	3005	112	116	27.34	30.76	1	0	
2010-08-22 12:17:13	3005	112	116	28.81	29.79	1	0	
2010-08-22 12:17:14	3005	111	116	27.83	30.76	1	0	
2010-08-22 12:17:15	3005	113	116	28.81	29.30	1	0	
2010-08-22 12:17:16	3006	112	115	28.81	29.79	1	0	
2010-08-22 12:17:17	3006	112	115	28.81	30.27	1	0	
2010-08-22 12:17:18	3006	112	115	29.30	29.79	1	0	
2010-08-22 12:17:19	3006	113	115	27.83	30.27	1	0	
2010-08-22 12:17:20	3006	112	115	27.83	29.79	1	0	
2010-08-22 12:17:21	3006	112	115	29.79	29.79	1	0	
2010-08-22 12:17:22	3006	111	116	28.32	29.79	1	0	
2010-08-22 12:17:23	3006	113	116	28.81	30.76	1	0	
2010-08-22 12:17:24	3006	112	116	28.32	30.76	1	0	
2010-08-22 12:17:25	3006	112	116	29.30	30.27	1	0	
2010-08-22 12:17:26	3007	115	115	28.32	30.76	1	0	
2010-08-22 12:17:27	3007	112	115	29.30	29.79	1	0	
2010-08-22 12:17:28	3007	112	115	28.81	31.25	1	0	
2010-08-22 12:17:29	3007	112	116	29.30	29.79	1	0	
2010-08-22 12:17:30	3007	112	116	27.83	30.27	1	0	
2010-08-22 12:17:31	3007	112	116	28.81	29.79	1	0	
2010-08-22 12:17:32	3007	112	116	27.83	30.76	1	0	
2010-08-22 12:17:33	3007	112	116	29.30	29.79	1	0	
2010-08-22 12:17:34	3007	113	116	28.32	30.76	1	0	
2010-08-22 12:17:35	3007	112	116	27.83	30.27	1	0	
2010-08-22 12:17:36	3008	112	115	29.30	30.27	1	0	
2010-08-22 12:17:38	3008	112	116	16.11	31.25	1	0	
2010-08-22 12:17:39	3008	113	116	28.81	31.25	1	0	
2010-08-22 12:17:40	3008	112	116	29.30	30.27	1	0	
2010-08-22 12:17:41	3008	113	116	28.32	30.76	1	0	
2010-08-22 12:17:42	3008	113	116	29.30	30.76	1	0	
2010-08-22 12:17:43	3008	112	116	29.30	30.27	1	0	
2010-08-22 12:17:44	3008	112	116	28.81	31.25	1	0	
2010-08-22 12:17:45	3008	112	116	29.30	30.27	1	0	
2010-08-22 12:17:46	3008	112	116	28.32	30.27	1	0	
2010-08-22 12:17:47	3009	112	116	28.32	30.76	1	0	
2010-08-22 12:17:48	3009	113	116	29.30	30.27	1	0	
2010-08-22 12:17:49	3009	113	116	28.81	31.25	1	0	
2010-08-22 12:17:50	3009	113	116	29.79	30.27	1	0	
2010-08-22 12:17:51	3009	112	116	29.30	31.25	1	0	
2010-08-22 12:17:52	3009	111	116	28.32	30.76	1	0	
2010-08-22 12:17:53	3009	113	116	29.30	24.90	1	0	
2010-08-22 12:17:54	3009	112	116	28.32	30.27	1	0	
2010-08-22 12:17:55	3009	112	116	29.30	30.27	1	0	
2010-08-22 12:17:56	3009	111	116	26.86	30.27	1	0	
2010-08-22 12:17:57	3010	113	114	29.79	30.27	1	0	
2010-08-22 12:17:58	3010	112	115	29.30	31.25	1	0	
2010-08-22 12:17:59	3010	112	115	28.32	31.25	1	0	
2010-08-22 12:18:00	3010	113	115	29.30	30.27	1	0	
2010-08-22 12:18:01	3010	112	116	28.32	30.27	1	0	
2010-08-22 12:18:02	3010	111	116	28.81	31.25	1	0	
2010-08-22 12:18:03	3010	114	116	28.32	31.25	1	0	
2010-08-22 12:18:04	3010	112	116	29.30	30.27	1	0	
2010-08-22 12:18:05	3010	112	116	28.32	30.76	1	0	
2010-08-22 12:18:06	3010	112	116	29.30	30.76	1	0	
2010-08-22 12:18:07	3011	112	115	29.30	30.76	1	0	
2010-08-22 12:18:08	3011	113	115	11.72	31.25	1	0	
2010-08-22 12:18:09	3011	112	115	28.81	31.25	1	0	
2010-08-22 12:18:10	3011	112	115	28.81	30.76	1	0	
2010-08-22 12:18:11	3011	113	116	28.32	31.25	1	0	
2010-08-22 12:18:12	3011	112	116	28.81	30.76	1	0	
2010-08-22 12:18:14	3011	112	116	29.30	30.27	1	0	
2010-08-22 12:18:15	3011	113	116	28.32	31.25	1	0	
2010-08-22 12:18:16	3011	112	116	29.30	30.76	1	0	
2010-08-22 12:18:17	3011	113	116	28.81	31.25	1	0	
2010-08-22 12:18:18	3012	113	115	28.81	31.25	1	0	
2010-08-22 12:18:19	3012	112	115	29.30	30.76	1	0	
2010-08-22 12:18:20	3012	113	116	28.32	30.76	1	0	
2010-08-22 12:18:21	3012	112	116	29.30	30.76	1	0	
2010-08-22 12:18:22	3012	112	116	29.30	24.41	1	0	
2010-08-22 12:18:23	3012	112	116	28.32	30.76	1	0	
2010-08-22 12:18:24	3012	113	116	29.30	31.74	1	0	
2010-08-22 12:18:25	3012	113	116	29.30	30.76	1	0	
2010-08-22 12:18:26	3012	112	116	29.30	31.25	1	0	
2010-08-22 12:18:27	3012	112	116	9.77	31.25	1	0	
2010-08-22 12:18:27	3013	113	114	93.75	31.74	0	1	CELL TEMPERATURE THRESHOLD EXCEEDED
2010-08-22 12:18:28	3013	112	115	29.30	31.74	0	0	
2010-08-22 12:18:28	3014	112	113	93.75	30.27	0	1	CELL TEMPERATURE THRESHOLD EXCEEDED
2010-08-22 12:18:29	3014	113	115	29.30	32.23	0	0	
2010-08-22 12:18:30	3015	112	115	28.32	31.25	1	0	
2010-08-22 12:18:31	3015	111	115	26.37	31.74	1	0	
2010-08-22 12:18:32	3015	113	115	29.30	30.76	1	0	
2010-08-22 12:18:33	3015	112	115	27.83	30.76	1	0	
2010-08-22 12:18:34	3015	112	115	28.32	30.27	1	0	
2010-08-22 12:18:35	3015	113	115	28.32	30.27	1	0	
2010-08-22 12:18:36	3015	112	115	28.81	31.74	1	0	
2010-08-22 12:18:37	3015	111	115	29.79	30.76	1	0	
2010-08-22 12:18:38	3015	113	116	28.32	32.23	1	0	
2010-08-22 12:18:39	3015	112	116	23.93	31.74	1	0	
2010-08-22 12:18:40	3016	112	116	29.79	30.27	1	0	
2010-08-22 12:18:41	3016	112	116	29.30	30.76	1	0	
2010-08-22 12:18:42	3016	113	116	28.81	31.74	1	0	
2010-08-22 12:18:43	3016	112	116	28.32	31.25	1	0	
2010-08-22 12:18:44	3016	113	117	28.81	30.76	1	0	
2010-08-22 12:18:45	3016	112	117	29.30	31.74	1	0	
2010-08-22 12:18:46	3016	114	117	29.30	30.76	1	0	
2010-08-22 12:18:47	3016	113	117	28.81	31.74	1	0	
2010-08-22 12:18:49	3016	113	117	28.81	31.25	1	0	
2010-08-22 12:18:50	3016	112	117	28.81	31.25	1	0	
2010-08-22 12:18:51	3017	112	116	28.81	31.74	1	0	
2010-08-22 12:18:52	3017	112	116	27.34	30.76	1	0	
2010-08-22 12:18:53	3017	113	116	28.32	31.25	1	0	
2010-08-22 12:18:54	3017	112	116	28.81	31.74	1	0	
2010-08-22 12:18:55	3017	113	116	29.79	30.27	1	0	
2010-08-22 12:18:56	3017	113	116	28.81	29.79	1	0	
2010-08-22 12:18:57	3017	112	116	28.81	31.74	1	0	
2010-08-22 12:18:58	3017	112	116	28.81	31.74	1	0	
2010-08-22 12:18:59	3017	114	116	28.32	30.27	1	0	
2010-08-22 12:19:00	3017	112	116	28.32	31.25	1	0	
2010-08-22 12:19:01	3018	112	115	28.32	31.74	1	0	
2010-08-22 12:19:02	3018	112	116	28.81	31.25	1	0	
2010-08-22 12:19:03	3018	112	116	28.81	31.25	1	0	
2010-08-22 12:19:04	3018	113	116	27.34	30.27	1	0	
2010-08-22 12:19:05	3018	112	116	29.79	30.27	1	0	
2010-08-22 12:19:06	3018	113	116	29.79	28.32	1	0	
2010-08-22 12:19:07	3018	112	116	29.79	30.76	1	0	
2010-08-22 12:19:08	3018	111	116	29.79	30.76	1	0	
2010-08-22 12:19:09	3018	112	116	30.27	30.27	1	0	
2010-08-22 12:19:10	3018	111	116	28.81	30.76	1	0	
2010-08-22 12:19:11	3019	114	115	29.79	30.76	1	0	
2010-08-22 12:19:12	3019	112	115	28.32	31.74	1	0	
2010-08-22 12:19:13	3019	114	116	28.81	31.25	1	0	
2010-08-22 12:19:14	3019	112	116	28.81	30.27	1	0	
2010-08-22 12:19:15	3019	113	116	28.81	30.76	1	0	
2010-08-22 12:19:16	3019	112	116	28.81	31.25	1	0	
2010-08-22 12:19:17	3019	112	116	29.79	30.76	1	0	
2010-08-22 12:19:18	3019	112	116	28.81	30.76	1	0	
2010-08-22 12:19:19	3019	112	116	28.81	30.76	1	0	
2010-08-22 12:19:20	3019	113	116	29.79	31.25	1	0	
2010-08-22 12:19:21	3020	112	116	29.79	30.76	1	0	
2010-08-22 12:19:22	3020	111	116	29.79	30.27	1	0	
2010-08-22 12:19:23	3020	113	116	29.30	31.25	1	0	
2010-08-22 12:19:25	3020	114	116	28.81	31.25	1	0	
2010-08-22 12:19:26	3020	112	116	28.81	31.25	1	0	
2010-08-22 12:19:27	3020	112	116	28.81	24.90	1	0	
2010-08-22 12:19:28	3020	113	116	28.81	31.25	1	0	
2010-08-22 12:19:29	3020	113	116	28.32	37.60	1	0	
2010-08-22 12:19:30	3020	113	116	29.79	30.27	1	0	
2010-08-22 12:19:31	3020	113	116	27.34	30.27	1	0	
2010-08-22 12:19:32	3021	112	116	29.79	29.79	1	0	
2010-08-22 12:19:33	3021	112	116	29.79	29.79	1	0	
2010-08-22 12:19:34	3021	112	116	29.79	31.25	1	0	
2010-08-22 12:19:35	3021	111	116	29.79	30.27	1	0	
2010-08-22 12:19:36	3021	113	116	21.97	30.27	1	0	
2010-08-22 12:19:37	3021	112	116	29.79	30.27	1	0	
2010-08-22 12:19:38	3021	112	116	28.81	30.76	1	0	
2010-08-22 12:19:39	3021	113	116	29.30	31.74	1	0	
2010-08-22 12:19:40	3021	113	116	28.81	30.76	1	0	
2010-08-22 12:19:41	3021	112	116	28.81	31.25	1	0	
2010-08-22 12:19:42	3022	113	115	28.81	31.25	1	0	
2010-08-22 12:19:43	3022	113	115	28.81	30.27	1	0	
2010-08-22 12:19:44	3022	112	115	28.81	31.25	1	0	
2010-08-22 12:19:45	3022	112	115	29.79	30.27	1	0	
2010-08-22 12:19:46	3022	113	115	29.79	30.27	1	0	
2010-08-22 12:19:47	3022	112	115	29.30	28.32	1	0	
2010-08-22 12:19:48	3022	112	115	29.30	30.76	1	0	
2010-08-22 12:19:49	3022	113	115	29.79	30.76	1	0	
2010-08-22 12:19:50	3022	111	115	29.79	29.79	1	0	
2010-08-22 12:19:51	3022	112	115	28.81	30.27	1	0	
2010-08-22 12:19:52	3023	113	116	28.81	30.76	1	0	
2010-08-22 12:19:53	3023	113	116	27.83	31.25	1	0	
2010-08-22 12:19:54	3023	113	116	29.30	31.25	1	0	
2010-08-22 12:19:55	3023	112	116	28.81	31.25	1	0	
2010-08-22 12:19:56	3023	113	116	28.81	30.76	1	0	
2010-08-22 12:19:57	3023	112	116	29.30	31.25	1	0	
2010-08-22 12:19:58	3023	113	116	30.27	28.81	1	0	
2010-08-22 12:19:59	3023	113	116	30.27	30.76	1	0	
2010-08-22 12:20:00	3023	112	116	29.79	31.25	1	0	
2010-08-22 12:20:02	3023	111	116	29.30	31.74	1	0	
2010-08-22 12:20:03	3024	113	115	29.79	29.79	1	0	
2010-08-22 12:20:04	3024	113	115	29.30	31.25	1	0	
2010-08-22 12:20:05	3024	112	115	29.30	31.25	1	0	
2010-08-22 12:20:06	3024	112	115	29.30	31.25	1	0	
2010-08-22 12:20:07	3024	112	115	29.79	31.25	1	0	
2010-08-22 12:20:08	3024	112	115	29.30	31.25	1	0	
2010-08-22 12:20:09	3024	112	115	28.81	31.25	1	0	
2010-08-22 12:20:10	3024	113	115	30.27	31.25	1	0	
2010-08-22 12:20:11	3024	113	115	29.30	31.25	1	0	
2010-08-22 12:20:12	3024	112	115	29.30	11.23	1	0	
2010-08-22 12:20:13	3025	111	114	30.27	30.27	1	0	
2010-08-22 12:20:14	3025	112	115	29.30	30.76	1	0	
2010-08-22 12:20:15	3025	112	115	29.30	30.76	1	0	
2010-08-22 12:20:16	3025	111	115	29.30	31.25	1	0	
2010-08-22 12:20:17	3025	113	115	29.30	30.76	1	0	
2010-08-22 12:20:18	3025	112	115	29.79	31.25	1	0	
2010-08-22 12:20:19	3025	111	115	30.27	31.25	1	0	
2010-08-22 12:20:20	3025	113	115	29.79	30.76	1	0	
2010-08-22 12:20:21	3025	112	116	30.27	30.27	1	0	
2010-08-22 12:20:22	3025	112	116	29.79	31.25	1	0	
2010-08-22 12:20:23	3026	114	116	29.30	31.25	1	0	
2010-08-22 12:20:24	3026	112	116	29.79	31.25	1	0	
2010-08-22 12:20:25	3026	112	116	30.27	30.27	1	0	
2010-08-22 12:20:26	3026	113	116	30.27	30.27	1	0	
2010-08-22 12:20:27	3026	112	116	30.76	30.27	1	0	
2010-08-22 12:20:28	3026	114	116	30.76	30.27	1	0	
2010-08-22 12:20:29	3026	111	116	30.76	30.76	1	0	
2010-08-22 12:20:30	3026	111	116	30.27	30.76	1	0	
2010-08-22 12:20:31	3026	113	116	30.27	30.27	1	0	
2010-08-22 12:20:32	3026	112	116	29.79	30.27	1	0	
2010-08-22 12:20:33	3027	113	116	30.27	31.25	1	0	
2010-08-22 12:20:34	3027	112	117	29.79	31.25	1	0	
2010-08-22 12:20:35	3027	112	117	29.30	31.25	1	0	
2010-08-22 12:20:36	3027	111	117	30.76	29.79	1	0	
2010-08-22 12:20:38	3027	113	117	24.41	31.25	1	0	
2010-08-22 12:20:39	3027	113	117	30.76	31.25	1	0	
2010-08-22 12:20:40	3027	111	117	31.25	30.76	1	0	
2010-08-22 12:20:41	3027	113	117	30.76	30.76	1	0	
2010-08-22 12:20:42	3027	112	117	30.76	30.76	1	0	
2010-08-22 12:20:43	3027	113	117	24.41	31.25	1	0	
2010-08-22 12:20:44	3028	111	115	30.27	30.76	1	0	
2010-08-22 12:20:45	3028	114	116	29.79	30.76	1	0	
2010-08-22 12:20:46	3028	112	116	30.27	30.76	1	0	
2010-08-22 12:20:47	3028	114	116	30.27	30.76	1	0	
2010-08-22 12:20:48	3028	113	116	29.79	30.76	1	0	
2010-08-22 12:20:49	3028	112	116	30.76	30.76	1	0	
2010-08-22 12:20:50	3028	113	116	29.30	30.76	1	0	
2010-08-22 12:20:51	3028	111	116	26.37	30.76	1	0	
2010-08-22 12:20:52	3028	113	116	30.27	31.25	1	0	
2010-08-22 12:20:53	3028	112	116	30.76	30.76	1	0	
2010-08-22 12:20:54	3029	111	115	30.76	30.76	1	0	
2010-08-22 12:20:55	3029	112	115	29.79	30.76	1	0	
2010-08-22 12:20:56	3029	114	116	31.25	29.79	1	0	
2010-08-22 12:20:57	3029	112	116	29.79	31.25	1	0	
2010-08-22 12:20:58	3029	112	116	29.79	25.39	1	0	
2010-08-22 12:20:59	3029	113	118	29.79	30.76	1	0	
2010-08-22 12:21:00	3029	112	118	30.27	31.25	1	0	
2010-08-22 12:21:01	3029	112	118	30.76	30.27	1	0	
2010-08-22 12:21:02	3029	112	118	29.79	30.76	1	0	
2010-08-22 12:21:03	3029	111	118	29.79	30.76	1	0	
2010-08-22 12:21:04	3030	112	115	30.27	31.25	1	0	
2010-08-22 12:21:05	3030	112	116	31.25	30.76	1	0	
2010-08-22 12:21:06	3030	113	116	30.76	30.27	1	0	
2010-08-22 12:21:07	3030	113	116	29.79	30.76	1	0	
2010-08-22 12:21:08	3030	112	116	30.27	31.25	1	0	
2010-08-22 12:21:09	3030	113	116	30.27	31.74	1	0	
2010-08-22 12:21:10	3030	112	116	29.79	31.25	1	0	
2010-08-22 12:21:11	3030	111	116	30.27	30.76	1	0	
2010-08-22 12:21:12	3030	112	116	30.27	28.81	1	0	
2010-08-22 12:21:14	3030	113	116	31.25	31.74	1	0	
2010-08-22 12:21:15	3031	110	115	28.32	31.25	1	0	
2010-08-22 12:21:16	3031	113	115	31.25	31.74	1	0	
2010-08-22 12:21:17	3031	112	115	30.76	30.76	1	0	
2010-08-22 12:21:18	3031	113	115	30.27	19.04	1	0	
2010-08-22 12:21:19	3031	112	115	31.25	30.76	1	0	
2010-08-22 12:21:20	3031	113	115	31.25	30.76	1	0	
2010-08-22 12:21:21	3031	113	116	30.27	24.90	1	0	
2010-08-22 12:21:22	3031	112	116	31.25	30.27	1	0	
2010-08-22 12:21:23	3031	113	116	29.79	30.76	1	0	
2010-08-22 12:21:24	3031	112	116	31.25	30.76	1	0	
2010-08-22 12:21:25	3032	112	115	29.79	31.25	1	0	
2010-08-22 12:21:26	3032	112	115	31.25	28.81	1	0	
2010-08-22 12:21:27	3032	112	115	28.81	30.76	1	0	
2010-08-22 12:21:28	3032	113	115	31.25	30.76	1	0	
2010-08-22 12:21:29	3032	112	115	31.25	30.76	1	0	
2010-08-22 12:21:30	3032	112	115	30.27	31.25	1	0	
2010-08-22 12:21:31	3032	113	115	10.25	31.74	1	0	
2010-08-22 12:21:32	3032	112	115	30.27	31.25	1	0	
2010-08-22 12:21:33	3032	113	115	30.27	13.67	1	0	
2010-08-22 12:21:34	3032	112	115	30.27	30.27	1	0	
2010-08-22 12:21:35	3033	110	114	31.25	28.81	1	0	
2010-08-22 12:21:36	3033	113	115	30.76	31.25	1	0	
2010-08-22 12:21:37	3033	112	115	30.27	31.25	1	0	
2010-08-22 12:21:38	3033	112	115	30.76	31.25	1	0	
2010-08-22 12:21:39	3033	112	115	31.25	28.32	1	0	
2010-08-22 12:21:40	3033	113	116	30.27	31.25	1	0	
2010-08-22 12:21:41	3033	113	116	30.27	31.25	1	0	
2010-08-22 12:21:42	3033	112	116	31.25	30.76	1	0	
2010-08-22 12:21:43	3033	112	116	31.25	30.76	1	0	
2010-08-22 12:21:44	3033	111	116	31.25	30.27	1	0	
2010-08-22 12:21:45	3034	113	114	12.70	31.25	1	0	
2010-08-22 12:21:46	3034	112	115	31.74	27.83	1	0	
2010-08-22 12:21:47	3034	113	115	30.76	31.25	1	0	
2010-08-22 12:21:48	3034	112	115	30.27	31.74	1	0	
2010-08-22 12:21:50	3034	113	115	30.27	31.74	1	0	
2010-08-22 12:21:51	3034	112	116	30.27	30.76	1	0	
2010-08-22 12:21:52	3034	114	116	31.25	30.27	1	0	
2010-08-22 12:21:53	3034	112	116	30.27	31.25	1	0	
2010-08-22 12:21:54	3034	113	116	30.27	30.76	1	0	
2010-08-22 12:21:55	3034	112	116	30.27	31.74	1	0	
2010-08-22 12:21:56	3035	113	115	30.76	31.25	1	0	
2010-08-22 12:21:57	3035	112	115	30.76	31.74	1	0	
2010-08-22 12:21:58	3035	111	115	31.25	30.76	1	0	
2010-08-22 12:21:59	3035	113	116	31.74	30.76	1	0	
2010-08-22 12:22:00	3035	112	116	30.27	30.76	1	0	
2010-08-22 12:22:01	3035	112	116	31.74	31.74	1	0	
2010-08-22 12:22:02	3035	112	116	26.37	31.25	1	0	
2010-08-22 12:22:03	3035	113	116	31.74	29.79	1	0	
2010-08-22 12:22:04	3035	112	116	30.76	24.90	1	0	
2010-08-22 12:22:05	3035	112	116	30.76	31.25	1	0	
2010-08-22 12:22:06	3036	112	116	31.74	31.25	1	0	
2010-08-22 12:22:07	3036	112	116	30.76	31.25	1	0	
2010-08-22 12:22:08	3036	112	116	30.76	31.25	1	0	
2010-08-22 12:22:09	3036	113	116	31.74	31.25	1	0	
2010-08-22 12:22:10	3036	113	117	31.74	30.76	1	0	
2010-08-22 12:22:11	3036	112	117	30.76	24.41	1	0	
2010-08-22 12:22:12	3036	112	117	32.23	30.76	1	0	
2010-08-22 12:22:13	3036	113	117	31.74	30.76	1	0	
2010-08-22 12:22:14	3036	112	117	30.27	30.76	1	0	
2010-08-22 12:22:15	3036	113	117	30.76	31.74	1	0	
2010-08-22 12:22:16	3037	112	115	31.25	31.25	1	0	
2010-08-22 12:22:17	3037	112	115	32.23	32.23	1	0	
2010-08-22 12:22:18	3037	113	115	31.74	30.76	1	0	
2010-08-22 12:22:19	3037	113	115	31.25	29.79	1	0	
2010-08-22 12:22:20	3037	114	116	31.74	30.76	1	0	
2010-08-22 12:22:21	3037	113	116	30.27	30.76	1	0	
2010-08-22 12:22:22	3037	112	116	31.74	31.25	1	0	
2010-08-22 12:22:23	3037	112	116	31.25	31.74	1	0	
2010-08-22 12:22:24	3037	112	116	30.76	30.27	1	0	
2010-08-22 12:22:25	3037	112	116	31.74	30.27	1	0	
2010-08-22 12:22:27	3038	111	115	31.25	31.74	1	0	
2010-08-22 12:22:28	3038	112	115	31.25	31.74	1	0	
2010-08-22 12:22:29	3038	113	115	32.23	29.30	1	0	
2010-08-22 12:22:30	3038	112	116	32.23	30.76	1	0	
2010-08-22 12:22:31	3038	113	116	31.74	29.30	1	0	
2010-08-22 12:22:32	3038	112	116	32.23	28.81	1	0	
2010-08-22 12:22:33	3038	112	116	32.23	28.81	1	0	
2010-08-22 12:22:34	3038	111	116	31.74	31.74	1	0	
2010-08-22 12:22:35	3038	113	116	31.74	31.74	1	0	
2010-08-22 12:22:36	3038	112	116	32.23	30.76	1	0	
2010-08-22 12:22:37	3039	113	116	31.74	25.88	1	0	
2010-08-22 12:22:38	3039	113	116	31.25	31.74	1	0	
2010-08-22 12:22:39	3039	111	116	32.23	31.25	1	0	
2010-08-22 12:22:40	3039	113	116	31.25	31.74	1	0	
2010-08-22 12:22:41	3039	113	117	31.25	31.74	1	0	
2010-08-22 12:22:42	3039	112	117	32.23	31.74	1	0	
2010-08-22 12:22:43	3039	113	117	31.25	25.88	1	0	
2010-08-22 12:22:44	3039	112	117	31.74	31.74	1	0	
2010-08-22 12:22:45	3039	112	117	31.25	31.74	1	0	
2010-08-22 12:22:46	3039	111	117	27.34	30.76	1	0	
2010-08-22 12:22:47	3040	113	116	31.25	32.23	1	0	
2010-08-22 12:22:48	3040	112	116	32.23	31.74	1	0	
2010-08-22 12:22:49	3040	112	116	31.25	32.23	1	0	
2010-08-22 12:22:50	3040	113	116	32.23	31.25	1	0	
2010-08-22 12:22:51	3040	111	116	31.25	30.76	1	0	
2010-08-22 12:22:52	3040	113	116	31.25	31.74	1	0	
2010-08-22 12:22:53	3040	111	116	31.25	31.25	1	0	
2010-08-22 12:22:54	3040	113	116	32.23	31.25	1	0	
2010-08-22 12:22:55	3040	112	116	31.25	31.25	1	0	
2010-08-22 12:22:56	3040	111	116	32.23	31.25	1	0	
2010-08-22 12:22:57	3041	112	115	31.25	31.25	1	0	
2010-08-22 12:22:58	3041	112	115	31.74	31.25	1	0	
2010-08-22 12:22:59	3041	112	115	30.27	31.74	1	0	
2010-08-22 12:23:00	3041	112	116	32.23	31.25	1	0	
2010-08-22 12:23:01	3041	111	116	30.76	31.25	1	0	
2010-08-22 12:23:03	3041	113	116	31.25	31.74	1	0	
2010-08-22 12:23:04	3041	112	116	32.71	31.25	1	0	
2010-08-22 12:23:05	3041	113	117	41.99	32.23	1	0	
2010-08-22 12:23:06	3041	113	117	32.23	30.76	1	0	
2010-08-22 12:23:07	3041	112	117	32.23	31.25	1	0	
2010-08-22 12:23:08	3042	113	116	31.25	30.76	1	0	
2010-08-22 12:23:09	3042	111	116	31.74	32.23	1	0	
2010-08-22 12:23:10	3042	111	116	31.25	31.25	1	0	
2010-08-22 12:23:11	3042	114	116	31.74	31.25	1	0	
2010-08-22 12:23:12	3042	112	116	31.25	12.21	1	0	
2010-08-22 12:23:13	3042	112	116	32.71	31.74	1	0	
2010-08-22 12:23:14	3042	112	116	32.23	31.74	1	0	
2010-08-22 12:23:15	3042	112	116	32.71	30.76	1	0	
2010-08-22 12:23:16	3042	113	116	31.25	31.25	1	0	
2010-08-22 12:23:17	3042	112	116	31.74	31.74	1	0	
2010-08-22 12:23:18	3043	113	115	32.23	29.30	1	0	
2010-08-22 12:23:19	3043	113	115	32.23	31.74	1	0	
2010-08-22 12:23:20	3043	112	115	31.74	32.23	1	0	
2010-08-22 12:23:21	3043	112	115	31.25	31.74	1	0	
2010-08-22 12:23:22	3043	113	116	32.23	32.23	1	0	
2010-08-22 12:23:23	3043	113	116	32.71	31.25	1	0	
2010-08-22 12:23:24	3043	113	116	32.71	31.25	1	0	
2010-08-22 12:23:25	3043	112	116	32.71	31.74	1	0	
2010-08-22 12:23:26	3043	112	116	32.23	31.74	1	0	
2010-08-22 12:23:27	3043	112	116	32.71	32.23	1	0	
2010-08-22 12:23:28	3044	113	116	32.71	31.74	1	0	
2010-08-22 12:23:29	3044	112	116	31.74	32.23	1	0	
2010-08-22 12:23:30	3044	113	116	31.74	32.71	1	0	
2010-08-22 12:23:31	3044	112	116	31.74	32.71	1	0	
2010-08-22 12:23:32	3044	111	116	31.25	31.74	1	0	
2010-08-22 12:23:33	3044	113	116	24.90	31.74	1	0	
2010-08-22 12:23:34	3044	113	116	33.20	31.74	1	0	
2010-08-22 12:23:35	3044	113	116	32.71	20.02	1	0	
2010-08-22 12:23:36	3044	113	116	32.71	31.74	1	0	
2010-08-22 12:23:37	3044	112	116	32.71	31.25	1	0	
2010-08-22 12:23:39	3045	112	115	31.74	32.71	1	0	
2010-08-22 12:23:40	3045	112	115	32.23	31.74	1	0	
2010-08-22 12:23:41	3045	114	115	31.74	31.25	1	0	
2010-08-22 12:23:42	3045	113	115	32.71	31.74	1	0	
2010-08-22 12:23:43	3045	112	115	32.23	32.71	1	0	
2010-08-22 12:23:44	3045	113	116	31.74	32.23	1	0	
2010-08-22 12:23:45	3045	112	116	32.71	31.74	1	0	
2010-08-22 12:23:46	3045	113	116	32.71	31.25	1	0	
2010-08-22 12:23:47	3045	112	116	32.71	31.25	1	0	
2010-08-22 12:23:48	3045	112	116	32.71	31.74	1	0	
2010-08-22 12:23:49	3046	113	115	31.74	31.74	1	0	
2010-08-22 12:23:50	3046	112	116	31.74	16.11	1	0	
2010-08-22 12:23:51	3046	111	116	32.71	31.74	1	0	
2010-08-22 12:23:52	3046	113	116	32.71	31.74	1	0	
2010-08-22 12:23:53	3046	112	116	31.74	32.23	1	0	
2010-08-22 12:23:54	3046	113	116	32.71	31.25	1	0	
2010-08-22 12:23:55	3046	112	116	31.74	32.23	1	0	
2010-08-22 12:23:56	3046	111	116	31.74	32.71	1	0	
2010-08-22 12:23:57	3046	112	116	32.23	32.23	1	0	
2010-08-22 12:23:58	3046	114	116	31.74	31.74	1	0	
2010-08-22 12:23:59	3047	112	115	32.71	31.74	1	0	
2010-08-22 12:24:00	3047	113	115	32.23	31.25	1	0	
2010-08-22 12:24:01	3047	113	115	31.74	31.25	1	0	
2010-08-22 12:24:02	3047	113	115	32.71	31.25	1	0	
2010-08-22 12:24:03	3047	112	115	33.20	32.23	1	0	
2010-08-22 12:24:04	3047	112	115	32.71	31.74	1	0	
2010-08-22 12:24:05	3047	113	115	31.74	32.71	1	0	
2010-08-22 12:24:06	3047	113	115	31.74	32.71	1	0	
2010-08-22 12:24:07	3047	111	115	31.74	32.71	1	0	
2010-08-22 12:24:08	3047	113	115	31.74	31.25	1	0	
2010-08-22 12:24:09	3048	112	116	31.74	32.23	1	0	
2010-08-22 12:24:10	3048	112	116	31.74	14.65	1	0	
2010-08-22 12:24:11	3048	113	116	32.71	32.23	1	0	
2010-08-22 12:24:12	3048	111	116	32.71	31.74	1	0	
2010-08-22 12:24:13	3048	113	116	32.71	29.79	1	0	
2010-08-22 12:24:15	3048	112	116	32.71	31.25	1	0	
2010-08-22 12:24:16	3048	112	116	31.74	31.25	1	0	
2010-08-22 12:24:17	3048	113	116	32.71	31.74	1	0	
2010-08-22 12:24:18	3048	113	116	33.20	31.74	1	0	
2010-08-22 12:24:19	3048	112	116	25.39	31.74	1	0	
2010-08-22 12:24:19	3049	112	122	98.63	32.23	0	1	CELL TEMPERATURE THRESHOLD EXCEEDED
2010-08-22 12:24:20	3049	112	115	32.71	32.71	0	0	
2010-08-22 12:24:20	3050	112	113	66.89	32.71	0	1	
2010-08-22 12:24:21	3050	112	114	33.20	32.23	0	0	
2010-08-22 12:24:21	3051	112	113	180.66	31.74	0	1	CELL TEMPERATURE THRESHOLD EXCEEDED
2010-08-22 12:24:22	3051	112	114	32.71	32.71	0	0	
2010-08-22 12:24:22	3052	112	112	118.16	31.74	0	1	CELL TEMPERATURE THRESHOLD EXCEEDED
2010-08-22 12:24:23	3052	112	114	33.20	32.23	0	0	
2010-08-22 12:24:24	3053	112	115	32.71	30.76	1	0	
2010-08-22 12:24:25	3053	113	115	31.74	32.23	1	0	
2010-08-22 12:24:26	3053	112	115	33.20	32.23	1	0	
2010-08-22 12:24:27	3053	112	115	33.69	31.74	1	0	
2010-08-22 12:24:28	3053	113	116	32.71	31.74	1	0	
2010-08-22 12:24:29	3053	113	116	32.23	32.71	1	0	
2010-08-22 12:24:30	3053	112	116	32.23	21.00	1	0	
2010-08-22 12:24:31	3053	113	116	32.71	32.71	1	0	
2010-08-22 12:24:32	3053	113	116	33.20	32.23	1	0	
2010-08-22 12:24:33	3053	112	116	32.71	31.74	1	0	
2010-08-22 12:24:34	3054	112	115	33.20	31.74	1	0	
2010-08-22 12:24:35	3054	113	116	33.20	31.25	1	0	
2010-08-22 12:24:36	3054	112	116	33.20	31.74	1	0	
2010-08-22 12:24:37	3054	112	116	32.23	31.74	1	0	
2010-08-22 12:24:38	3054	111	116	32.71	32.71	1	0	
2010-08-22 12:24:39	3054	111	116	33.20	32.71	1	0	
2010-08-22 12:24:40	3054	113	116	32.23	32.23	1	0	
2010-08-22 12:24:41	3054	112	116	32.71	31.74	1	0	
2010-08-22 12:24:42	3054	113	116	31.74	31.74	1	0	
2010-08-22 12:24:43	3054	112	116	32.71	32.71	1	0	
2010-08-22 12:24:45	3055	111	115	32.23	27.83	1	0	
2010-08-22 12:24:46	3055	112	115	32.23	32.23	1	0	
2010-08-22 12:24:47	3055	113	116	33.20	32.71	1	0	
2010-08-22 12:24:48	3055	113	116	32.23	32.71	1	0	
2010-08-22 12:24:49	3055	112	116	33.20	31.74	1	0	
2010-08-22 12:24:50	3055	110	116	33.69	32.23	1	0	
2010-08-22 12:24:51	3055	113	116	31.74	32.23	1	0	
2010-08-22 12:24:52	3055	113	116	33.20	31.74	1	0	
2010-08-22 12:24:53	3055	113	116	32.23	32.23	1	0	
2010-08-22 12:24:54	3055	111	116	32.23	32.71	1	0	
2010-08-22 12:24:55	3056	112	115	31.74	32.23	1	0	
2010-08-22 12:24:56	3056	112	116	32.23	32.23	1	0	
2010-08-22 12:24:57	3056	112	116	32.23	32.23	1	0	
2010-08-22 12:24:58	3056	112	116	33.20	32.23	1	0	
2010-08-22 12:24:59	3056	110	116	32.23	32.71	1	0	
2010-08-22 12:25:00	3056	113	116	33.20	31.74	1	0	
2010-08-22 12:25:01	3056	112	116	32.71	32.71	1	0	
2010-08-22 12:25:02	3056	112	116	33.20	32.71	1	0	
2010-08-22 12:25:03	3056	112	116	33.20	31.74	1	0	
2010-08-22 12:25:04	3056	112	116	33.20	31.74	1	0	
2010-08-22 12:25:05	3057	112	115	33.20	31.25	1	0	
2010-08-22 12:25:06	3057	111	115	32.23	32.23	1	0	
2010-08-22 12:25:06	3057	111	115	61.04	32.71	0	1	
2010-08-22 12:25:07	3057	111	113	33.20	33.20	0	0	
2010-08-22 12:25:07	3058	111	112	164.55	32.71	0	1	CELL TEMPERATURE THRESHOLD EXCEEDED
2010-08-22 12:25:08	3058	112	114	33.20	32.71	0	0	
2010-08-22 12:25:08	3059	111	115	157.71	32.71	0	1	CELL TEMPERATURE THRESHOLD EXCEEDED
2010-08-22 12:25:09	3059	112	114	33.69	32.71	0	0	
2010-08-22 12:25:09	3060	112	113	69.34	32.71	0	1	
2010-08-22 12:25:10	3060	112	114	33.20	32.71	0	0	
2010-08-22 12:25:11	3061	112	114	17.09	32.23	1	0	
2010-08-22 12:25:12	3061	111	114	32.23	31.74	1	0	
2010-08-22 12:25:13	3061	112	114	32.71	32.23	1	0	
2010-08-22 12:25:15	3061	112	115	31.74	32.23	1	0	
2010-08-22 12:25:16	3061	112	115	33.20	24.90	1	0	
2010-08-22 12:25:17	3061	112	115	33.20	30.76	1	0	
2010-08-22 12:25:18	3061	112	115	32.71	32.23	1	0	
2010-08-22 12:25:19	3061	112	115	27.34	31.74	1	0	
2010-08-22 12:25:20	3061	112	115	32.23	26.37	1	0	
2010-08-22 12:25:21	3061	112	115	33.20	31.25	1	0	
2010-08-22 12:25:22	3062	113	115	32.71	29.79	1	0	
2010-08-22 12:25:23	3062	113	115	33.20	31.25	1	0	
2010-08-22 12:25:24	3062	112	115	32.23	31.25	1	0	
2010-08-22 12:25:25	3062	111	115	32.71	30.27	1	0	
2010-08-22 12:25:26	3062	112	115	33.20	31.25	1	0	
2010-08-22 12:25:27	3062	113	115	32.71	30.76	1	0	
2010-08-22 12:25:28	3062	112	115	33.20	30.76	1	0	
2010-08-22 12:25:29	3062	113	115	33.20	31.25	1	0	
2010-08-22 12:25:30	3062	112	116	33.20	31.25	1	0	
2010-08-22 12:25:31	3062	112	116	32.23	31.25	1	0	
2010-08-22 12:25:32	3063	111	114	33.20	30.76	1	0	
2010-08-22 12:25:33	3063	112	114	32.71	31.74	1	0	
2010-08-22 12:25:34	3063	112	115	31.74	31.74	1	0	
2010-08-22 12:25:35	3063	111	115	32.23	31.74	1	0	
2010-08-22 12:25:36	3063	111	115	33.20	31.25	1	0	
2010-08-22 12:25:37	3063	112	115	32.71	32.23	1	0	
2010-08-22 12:25:38	3063	112	115	32.71	31.25	1	0	
2010-08-22 12:25:39	3063	112	115	33.20	31.25	1	0	
2010-08-22 12:25:40	3063	112	115	32.23	31.74	1	0	
2010-08-22 12:25:41	3063	111	115	33.20	31.74	1	0	
2010-08-22 12:25:42	3064	112	114	33.20	36.13	1	0	
2010-08-22 12:25:43	3064	112	115	32.23	32.23	1	0	
2010-08-22 12:25:44	3064	112	115	31.74	31.74	1	0	
2010-08-22 12:25:45	3064	112	115	32.23	32.23	1	0	
2010-08-22 12:25:46	3064	112	115	33.20	32.23	1	0	
2010-08-22 12:25:47	3064	112	115	33.69	31.74	1	0	
2010-08-22 12:25:48	3064	112	115	32.23	32.71	1	0	
2010-08-22 12:25:49	3064	113	115	33.69	31.25	1	0	
2010-08-22 12:25:50	3064	111	115	32.71	32.23	1	0	
2010-08-22 12:25:52	3064	112	115	32.71	31.25	1	0	
2010-08-22 12:25:53	3065	113	115	32.23	11.23	1	0	
2010-08-22 12:25:54	3065	111	115	32.23	31.74	1	0	
2010-08-22 12:25:55	3065	112	115	33.20	31.25	1	0	
2010-08-22 12:25:56	3065	112	115	33.20	31.25	1	0	
2010-08-22 12:25:57	3065	112	115	32.23	32.23	1	0	
2010-08-22 12:25:58	3065	112	115	32.71	32.71	1	0	
2010-08-22 12:25:59	3065	111	115	32.71	31.74	1	0	
2010-08-22 12:26:00	3065	111	115	32.71	32.23	1	0	
2010-08-22 12:26:01	3065	112	115	33.20	32.23	1	0	
2010-08-22 12:26:02	3065	113	115	32.71	32.23	1	0	
2010-08-22 12:26:03	3066	111	114	32.23	11.72	1	0	
2010-08-22 12:26:04	3066	111	114	31.74	32.71	1	0	
2010-08-22 12:26:05	3066	112	114	33.20	31.25	1	0	
2010-08-22 12:26:06	3066	111	115	32.23	17.58	1	0	
2010-08-22 12:26:07	3066	112	115	33.69	31.74	1	0	
2010-08-22 12:26:08	3066	112	115	32.23	32.71	1	0	
2010-08-22 12:26:09	3066	112	115	33.20	30.76	1	0	
2010-08-22 12:26:10	3066	112	115	32.23	31.25	1	0	
2010-08-22 12:26:11	3066	112	115	33.20	31.74	1	0	
2010-08-22 12:26:12	3066	113	115	32.71	32.23	1	0	
2010-08-22 12:26:13	3067	111	114	32.23	32.71	1	0	
2010-08-22 12:26:14	3067	113	114	32.23	32.23	1	0	
2010-08-22 12:26:15	3067	112	115	32.23	32.71	1	0	
2010-08-22 12:26:16	3067	112	115	32.71	32.71	1	0	
2010-08-22 12:26:17	3067	112	115	33.20	32.23	1	0	
2010-08-22 12:26:18	3067	112	115	32.23	32.71	1	0	
2010-08-22 12:26:19	3067	113	115	33.20	32.23	1	0	
2010-08-22 12:26:20	3067	112	115	32.71	32.23	1	0	
2010-08-22 12:26:21	3067	113	115	33.20	30.27	1	0	
2010-08-22 12:26:22	3067	112	115	32.23	32.71	1	0	
2010-08-22 12:26:23	3068	112	115	32.23	32.71	1	0	
2010-08-22 12:26:24	3068	111	115	31.74	10.25	1	0	
2010-08-22 12:26:25	3068	112	115	32.23	32.23	1	0	
2010-08-22 12:26:26	3068	112	115	33.20	31.74	1	0	
2010-08-22 12:26:28	3068	113	115	33.20	32.71	1	0	
2010-08-22 12:26:29	3068	113	115	32.71	31.25	1	0	
2010-08-22 12:26:30	3068	111	115	33.20	25.39	1	0	
2010-08-22 12:26:31	3068	112	115	32.23	31.74	1	0	
2010-08-22 12:26:32	3068	111	115	32.23	32.71	1	0	
2010-08-22 12:26:33	3068	111	115	32.23	31.25	1	0	
2010-08-22 12:26:34	3069	112	115	32.23	32.23	1	0	
2010-08-22 12:26:35	3069	112	115	37.11	31.74	1	0	
2010-08-22 12:26:36	3069	112	115	32.23	17.58	1	0	
2010-08-22 12:26:37	3069	111	115	13.67	32.23	1	0	
2010-08-22 12:26:38	3069	112	115	31.74	31.25	1	0	
2010-08-22 12:26:39	3069	112	115	33.20	29.79	1	0	
2010-08-22 12:26:40	3069	113	115	32.23	31.74	1	0	
2010-08-22 12:26:41	3069	113	115	32.71	32.23	1	0	
2010-08-22 12:26:42	3069	112	115	32.23	32.23	1	0	
2010-08-22 12:26:43	3069	112	115	32.23	32.23	1	0	
2010-08-22 12:26:44	3070	112	115	33.20	31.25	1	0	
2010-08-22 12:26:45	3070	111	115	32.71	31.74	1	0	
2010-08-22 12:26:46	3070	112	115	14.65	31.74	1	0	
2010-08-22 12:26:47	3070	113	115	33.20	31.25	1	0	
2010-08-22 12:26:48	3070	112	115	31.74	31.25	1	0	
2010-08-22 12:26:49	3070	112	115	33.20	31.25	1	0	
2010-08-22 12:26:50	3070	112	115	32.23	32.23	1	0	
2010-08-22 12:26:51	3070	113	115	33.20	30.27	1	0	
2010-08-22 12:26:52	3070	112	115	32.23	23.93	1	0	
2010-08-22 12:26:53	3070	111	115	33.69	36.62	1	0	
2010-08-22 12:26:54	3071	113	114	33.20	30.76	1	0	
2010-08-22 12:26:55	3071	112	115	32.23	31.74	1	0	
2010-08-22 12:26:56	3071	111	115	33.20	31.25	1	0	
2010-08-22 12:26:57	3071	112	115	32.23	31.74	1	0	
2010-08-22 12:26:58	3071	112	115	32.71	31.25	1	0	
2010-08-22 12:26:59	3071	112	115	33.20	31.25	1	0	
2010-08-22 12:27:00	3071	112	115	32.23	32.23	1	0	
2010-08-22 12:27:01	3071	111	115	33.69	31.25	1	0	
2010-08-22 12:27:02	3071	113	115	32.71	31.25	1	0	
2010-08-22 12:27:04	3071	112	115	41.50	31.25	1	0	
2010-08-22 12:27:05	3072	112	114	33.20	30.76	1	0	
2010-08-22 12:27:06	3072	113	114	32.71	31.25	1	0	
2010-08-22 12:27:07	3072	112	114	33.69	35.64	1	0	
2010-08-22 12:27:08	3072	112	114	33.20	32.23	1	0	
2010-08-22 12:27:09	3072	112	114	32.23	31.74	1	0	
2010-08-22 12:27:10	3072	112	114	32.71	31.74	1	0	
2010-08-22 12:27:11	3072	112	114	32.23	32.23	1	0	
2010-08-22 12:27:12	3072	112	114	16.11	31.74	1	0	
2010-08-22 12:27:13	3072	112	114	32.71	32.23	1	0	
2010-08-22 12:27:14	3072	112	115	33.69	31.74	1	0	
2010-08-22 12:27:15	3073	112	114	33.20	31.25	1	0	
2010-08-22 12:27:16	3073	112	114	32.23	31.74	1	0	
2010-08-22 12:27:17	3073	112	115	32.23	31.74	1	0	
2010-08-22 12:27:18	3073	112	115	32.71	32.23	1	0	
2010-08-22 12:27:19	3073	112	115	32.71	31.74	1	0	
2010-08-22 12:27:20	3073	112	115	33.20	32.23	1	0	
2010-08-22 12:27:21	3073	112	115	32.71	31.74	1	0	
2010-08-22 12:27:22	3073	112	115	32.23	32.23	1	0	
2010-08-22 12:27:23	3073	112	115	33.20	31.25	1	0	
2010-08-22 12:27:24	3073	111	115	32.71	32.23	1	0	
2010-08-22 12:27:25	3074	113	115	32.71	32.23	1	0	
2010-08-22 12:27:26	3074	110	115	33.20	31.25	1	0	
2010-08-22 12:27:27	3074	112	115	33.20	31.74	1	0	
2010-08-22 12:27:28	3074	112	115	33.69	31.25	1	0	
2010-08-22 12:27:29	3074	114	115	33.69	31.25	1	0	
2010-08-22 12:27:30	3074	112	115	32.23	31.74	1	0	
2010-08-22 12:27:31	3074	113	115	33.69	31.25	1	0	
2010-08-22 12:27:32	3074	113	115	32.71	32.23	1	0	
2010-08-22 12:27:33	3074	113	115	19.04	31.74	1	0	
2010-08-22 12:27:34	3074	112	115	32.71	31.74	1	0	
2010-08-22 12:27:35	3075	112	114	14.16	31.25	1	0	
2010-08-22 12:27:36	3075	111	115	34.18	25.39	1	0	
2010-08-22 12:27:37	3075	112	115	32.71	32.23	1	0	
2010-08-22 12:27:38	3075	112	115	32.71	32.23	1	0	
2010-08-22 12:27:39	3075	113	115	33.69	30.76	1	0	
2010-08-22 12:27:41	3075	111	115	32.23	32.23	1	0	
2010-08-22 12:27:42	3075	113	115	33.20	31.25	1	0	
2010-08-22 12:27:43	3075	112	115	32.23	32.23	1	0	
2010-08-22 12:27:44	3075	114	115	33.69	32.23	1	0	
2010-08-22 12:27:45	3075	111	115	32.23	32.23	1	0	
2010-08-22 12:27:46	3076	112	115	33.20	31.74	1	0	
2010-08-22 12:27:47	3076	112	115	33.69	31.74	1	0	
2010-08-22 12:27:48	3076	112	115	32.71	32.71	1	0	
2010-08-22 12:27:49	3076	113	115	14.65	32.23	1	0	
2010-08-22 12:27:50	3076	112	115	32.23	32.23	1	0	
2010-08-22 12:27:51	3076	112	115	33.69	31.74	1	0	
2010-08-22 12:27:52	3076	113	115	32.71	32.71	1	0	
2010-08-22 12:27:53	3076	112	115	33.20	31.74	1	0	
2010-08-22 12:27:54	3076	112	115	32.71	31.25	1	0	
2010-08-22 12:27:55	3076	113	115	33.20	31.74	1	0	
2010-08-22 12:27:56	3077	111	114	33.69	31.74	1	0	
2010-08-22 12:27:57	3077	112	115	33.69	31.25	1	0	
2010-08-22 12:27:58	3077	112	115	32.71	32.71	1	0	
2010-08-22 12:27:59	3077	112	115	13.67	32.23	1	0	
2010-08-22 12:28:00	3077	112	115	32.71	32.23	1	0	
2010-08-22 12:28:01	3077	112	115	32.71	32.23	1	0	
2010-08-22 12:28:02	3077	112	115	33.69	31.74	1	0	
2010-08-22 12:28:03	3077	111	115	30.76	31.74	1	0	
2010-08-22 12:28:04	3077	112	115	31.74	31.25	1	0	
2010-08-22 12:28:05	3077	112	115	32.71	32.23	1	0	
2010-08-22 12:28:06	3078	111	115	33.20	32.23	1	0	
2010-08-22 12:28:07	3078	113	115	32.71	32.71	1	0	
2010-08-22 12:28:08	3078	111	115	33.20	31.74	1	0	
2010-08-22 12:28:09	3078	112	115	33.69	31.25	1	0	
2010-08-22 12:28:10	3078	112	115	33.69	31.74	1	0	
2010-08-22 12:28:11	3078	113	115	33.69	32.23	1	0	
2010-08-22 12:28:12	3078	112	115	32.71	32.23	1	0	
2010-08-22 12:28:13	3078	112	115	33.69	25.88	1	0	
2010-08-22 12:28:14	3078	113	115	33.20	32.71	1	0	
2010-08-22 12:28:15	3078	113	115	33.69	32.23	1	0	
2010-08-22 12:28:17	3079	112	115	32.71	32.23	1	0	
2010-08-22 12:28:18	3079	112	115	32.71	32.71	1	0	
2010-08-22 12:28:19	3079	113	115	33.69	32.23	1	0	
2010-08-22 12:28:20	3079	111	115	32.71	32.71	1	0	
2010-08-22 12:28:21	3079	112	115	32.71	31.74	1	0	
2010-08-22 12:28:22	3079	111	115	11.23	32.71	1	0	
2010-08-22 12:28:23	3079	112	115	32.71	19.53	1	0	
2010-08-22 12:28:24	3079	112	115	33.20	31.74	1	0	
2010-08-22 12:28:25	3079	112	115	32.71	32.23	1	0	
2010-08-22 12:28:26	3079	113	115	33.20	32.23	1	0	
2010-08-22 12:28:27	3080	112	115	33.69	31.74	1	0	
2010-08-22 12:28:28	3080	112	115	32.71	32.71	1	0	
2010-08-22 12:28:29	3080	111	115	32.23	32.23	1	0	
2010-08-22 12:28:30	3080	112	115	32.71	32.71	1	0	
2010-08-22 12:28:31	3080	112	115	32.71	31.74	1	0	
2010-08-22 12:28:32	3080	112	115	32.71	32.71	1	0	
2010-08-22 12:28:33	3080	112	115	33.20	31.25	1	0	
2010-08-22 12:28:34	3080	112	115	32.23	32.23	1	0	
2010-08-22 12:28:35	3080	112	115	33.69	32.23	1	0	
2010-08-22 12:28:36	3080	112	115	15.14	32.71	1	0	


All frequencies tested. Test finished.



*******************
* Stopped on 2010-08-22 12:28:36
* Frequency 3081
*******************

