
*******************
* Started on 2010-08-22 12:29:12
* Using start frequency 2900
*******************
* time frequency pressure maxPressure cellTemperature mosfetTemperature isPlaying aborting
*******************
2010-08-22 12:29:15	2899	112	114	32.71	28.81	0	0	
2010-08-22 12:29:16	2900	111	114	32.23	27.83	1	0	
2010-08-22 12:29:17	2900	112	114	32.23	27.83	1	0	
2010-08-22 12:29:18	2900	112	114	64.45	28.81	0	1	
2010-08-22 12:29:18	2900	112	115	33.20	28.32	0	0	
2010-08-22 12:29:19	2901	114	115	33.69	27.83	1	0	
2010-08-22 12:29:20	2901	111	115	32.71	28.32	1	0	
2010-08-22 12:29:21	2901	112	115	33.20	27.34	1	0	
2010-08-22 12:29:23	2901	112	115	32.23	27.34	1	0	
2010-08-22 12:29:24	2901	112	115	33.20	27.83	1	0	
2010-08-22 12:29:25	2901	113	115	31.25	27.34	1	0	
2010-08-22 12:29:26	2901	112	115	32.23	28.32	1	0	
2010-08-22 12:29:27	2901	112	115	33.20	26.86	1	0	
2010-08-22 12:29:28	2901	111	115	32.23	27.83	1	0	
2010-08-22 12:29:29	2901	112	115	32.23	26.86	1	0	
2010-08-22 12:29:30	2902	112	115	31.74	27.83	1	0	
2010-08-22 12:29:31	2902	112	115	32.71	27.34	1	0	
2010-08-22 12:29:32	2902	112	115	32.23	27.34	1	0	
2010-08-22 12:29:33	2902	112	115	33.20	27.34	1	0	
2010-08-22 12:29:34	2902	111	115	32.23	26.86	1	0	
2010-08-22 12:29:35	2902	113	115	33.20	25.88	1	0	
2010-08-22 12:29:36	2902	111	115	33.20	26.86	1	0	
2010-08-22 12:29:37	2902	112	115	32.23	27.83	1	0	
2010-08-22 12:29:38	2902	112	115	32.71	26.86	1	0	
2010-08-22 12:29:39	2902	112	115	32.71	27.34	1	0	
2010-08-22 12:29:40	2903	112	114	26.37	27.34	1	0	
2010-08-22 12:29:41	2903	112	115	33.20	27.34	1	0	
2010-08-22 12:29:42	2903	112	115	26.86	27.34	1	0	
2010-08-22 12:29:43	2903	112	115	32.23	28.32	1	0	
2010-08-22 12:29:44	2903	113	115	32.23	28.32	1	0	
2010-08-22 12:29:45	2903	111	115	32.23	27.34	1	0	
2010-08-22 12:29:46	2903	111	115	32.71	28.32	1	0	
2010-08-22 12:29:47	2903	112	115	33.20	27.34	1	0	
2010-08-22 12:29:48	2903	112	115	32.23	27.83	1	0	
2010-08-22 12:29:49	2903	113	115	34.18	28.32	1	0	
2010-08-22 12:29:50	2904	112	115	32.23	28.81	1	0	
2010-08-22 12:29:51	2904	112	115	33.69	29.30	1	0	
2010-08-22 12:29:52	2904	112	115	31.25	28.32	1	0	
2010-08-22 12:29:53	2904	112	115	33.20	29.30	1	0	
2010-08-22 12:29:54	2904	111	115	33.69	28.32	1	0	
2010-08-22 12:29:55	2904	112	115	32.71	29.30	1	0	
2010-08-22 12:29:56	2904	112	115	33.20	28.81	1	0	
2010-08-22 12:29:58	2904	112	115	32.23	29.30	1	0	
2010-08-22 12:29:59	2904	112	115	32.71	29.79	1	0	
2010-08-22 12:30:00	2904	111	115	33.20	29.30	1	0	
2010-08-22 12:30:01	2905	112	115	33.20	29.79	1	0	
2010-08-22 12:30:02	2905	112	115	32.71	29.79	1	0	
2010-08-22 12:30:03	2905	111	115	33.69	30.27	1	0	
2010-08-22 12:30:04	2905	112	115	32.23	29.79	1	0	
2010-08-22 12:30:05	2905	112	115	33.20	29.79	1	0	
2010-08-22 12:30:06	2905	112	115	34.18	29.79	1	0	
2010-08-22 12:30:07	2905	112	115	32.71	30.76	1	0	
2010-08-22 12:30:08	2905	111	115	33.20	30.76	1	0	
2010-08-22 12:30:09	2905	112	115	32.71	30.76	1	0	
2010-08-22 12:30:10	2905	112	115	33.20	29.79	1	0	
2010-08-22 12:30:11	2906	112	115	32.71	30.76	1	0	
2010-08-22 12:30:12	2906	112	115	33.69	30.27	1	0	
2010-08-22 12:30:13	2906	111	115	32.23	30.76	1	0	
2010-08-22 12:30:14	2906	111	115	33.20	29.79	1	0	
2010-08-22 12:30:15	2906	112	115	32.71	30.27	1	0	
2010-08-22 12:30:16	2906	112	115	32.71	30.27	1	0	
2010-08-22 12:30:17	2906	112	115	34.18	30.76	1	0	
2010-08-22 12:30:18	2906	112	115	33.69	30.27	1	0	
2010-08-22 12:30:19	2906	111	115	32.71	31.25	1	0	
2010-08-22 12:30:20	2906	111	115	33.20	30.76	1	0	
2010-08-22 12:30:21	2907	112	115	32.71	31.74	1	0	
2010-08-22 12:30:22	2907	112	115	33.69	31.74	1	0	
2010-08-22 12:30:23	2907	111	115	33.69	30.27	1	0	
2010-08-22 12:30:24	2907	112	115	32.71	30.27	1	0	
2010-08-22 12:30:25	2907	114	115	32.71	19.04	1	0	
2010-08-22 12:30:26	2907	112	115	32.71	31.25	1	0	
2010-08-22 12:30:27	2907	112	115	33.69	30.76	1	0	
2010-08-22 12:30:28	2907	112	115	30.76	30.76	1	0	
2010-08-22 12:30:29	2907	112	115	32.71	31.74	1	0	
2010-08-22 12:30:30	2907	111	115	32.71	31.74	1	0	
2010-08-22 12:30:31	2908	112	115	33.20	31.74	1	0	
2010-08-22 12:30:33	2908	112	115	32.71	31.74	1	0	
2010-08-22 12:30:34	2908	111	115	34.18	29.30	1	0	
2010-08-22 12:30:35	2908	112	115	34.18	31.25	1	0	
2010-08-22 12:30:36	2908	111	115	34.18	31.25	1	0	
2010-08-22 12:30:37	2908	111	115	33.20	31.74	1	0	
2010-08-22 12:30:38	2908	111	115	33.69	31.74	1	0	
2010-08-22 12:30:39	2908	113	115	33.69	24.90	1	0	
2010-08-22 12:30:40	2908	111	115	34.18	31.25	1	0	
2010-08-22 12:30:41	2908	112	115	34.18	30.76	1	0	
2010-08-22 12:30:42	2909	112	115	32.71	31.25	1	0	
2010-08-22 12:30:43	2909	111	115	32.71	31.74	1	0	
2010-08-22 12:30:44	2909	113	115	34.18	31.74	1	0	
2010-08-22 12:30:45	2909	111	115	34.18	32.23	1	0	
2010-08-22 12:30:46	2909	112	116	32.23	30.27	1	0	
2010-08-22 12:30:47	2909	111	116	33.20	19.53	1	0	
2010-08-22 12:30:48	2909	111	116	33.20	32.23	1	0	
2010-08-22 12:30:49	2909	113	116	33.20	32.23	1	0	
2010-08-22 12:30:50	2909	111	116	32.71	32.23	1	0	
2010-08-22 12:30:51	2909	111	116	33.20	32.23	1	0	
2010-08-22 12:30:52	2910	111	115	33.69	32.71	1	0	
2010-08-22 12:30:53	2910	111	115	33.20	31.25	1	0	
2010-08-22 12:30:54	2910	112	115	33.20	32.23	1	0	
2010-08-22 12:30:55	2910	112	116	33.69	32.23	1	0	
2010-08-22 12:30:56	2910	113	116	32.71	31.74	1	0	
2010-08-22 12:30:57	2910	112	116	33.20	32.71	1	0	
2010-08-22 12:30:58	2910	111	116	33.20	32.23	1	0	
2010-08-22 12:30:59	2910	112	116	21.48	32.23	1	0	
2010-08-22 12:31:00	2910	110	116	33.20	32.71	1	0	
2010-08-22 12:31:01	2910	112	116	32.71	31.74	1	0	
2010-08-22 12:31:02	2911	112	114	33.20	32.23	1	0	
2010-08-22 12:31:03	2911	113	114	34.18	31.25	1	0	
2010-08-22 12:31:04	2911	111	115	34.18	31.74	1	0	
2010-08-22 12:31:05	2911	111	115	34.18	31.25	1	0	
2010-08-22 12:31:06	2911	112	115	34.18	31.74	1	0	
2010-08-22 12:31:08	2911	111	115	33.69	32.23	1	0	
2010-08-22 12:31:09	2911	112	115	34.18	32.23	1	0	
2010-08-22 12:31:10	2911	111	115	34.18	31.74	1	0	
2010-08-22 12:31:11	2911	112	115	33.20	31.25	1	0	
2010-08-22 12:31:12	2911	111	115	31.74	31.25	1	0	
2010-08-22 12:31:13	2912	114	115	34.18	31.25	1	0	
2010-08-22 12:31:14	2912	113	115	33.69	31.25	1	0	
2010-08-22 12:31:15	2912	111	115	32.71	16.11	1	0	
2010-08-22 12:31:16	2912	111	115	32.71	31.25	1	0	
2010-08-22 12:31:17	2912	112	115	32.71	30.76	1	0	
2010-08-22 12:31:18	2912	110	115	32.71	32.23	1	0	
2010-08-22 12:31:19	2912	112	115	34.18	32.23	1	0	
2010-08-22 12:31:20	2912	112	115	33.69	31.25	1	0	
2010-08-22 12:31:21	2912	112	115	33.69	31.25	1	0	
2010-08-22 12:31:22	2912	111	115	32.23	32.71	1	0	
2010-08-22 12:31:23	2913	111	114	19.53	32.23	1	0	
2010-08-22 12:31:24	2913	112	114	33.69	32.23	1	0	
2010-08-22 12:31:25	2913	111	115	33.69	30.76	1	0	
2010-08-22 12:31:26	2913	113	115	32.71	31.25	1	0	
2010-08-22 12:31:27	2913	112	115	33.69	31.74	1	0	
2010-08-22 12:31:28	2913	111	115	33.20	14.65	1	0	
2010-08-22 12:31:29	2913	112	115	32.71	31.74	1	0	
2010-08-22 12:31:30	2913	111	115	33.20	32.23	1	0	
2010-08-22 12:31:31	2913	112	115	28.32	32.23	1	0	
2010-08-22 12:31:32	2913	113	115	33.69	31.25	1	0	
2010-08-22 12:31:33	2914	111	115	32.71	31.74	1	0	
2010-08-22 12:31:34	2914	110	115	32.71	32.23	1	0	
2010-08-22 12:31:35	2914	111	115	32.71	32.23	1	0	
2010-08-22 12:31:36	2914	112	115	32.71	32.23	1	0	
2010-08-22 12:31:37	2914	111	115	32.71	31.74	1	0	
2010-08-22 12:31:38	2914	112	115	28.32	31.25	1	0	
2010-08-22 12:31:39	2914	110	115	32.71	32.23	1	0	
2010-08-22 12:31:40	2914	112	115	32.71	31.74	1	0	
2010-08-22 12:31:41	2914	111	115	32.71	32.23	1	0	
2010-08-22 12:31:42	2914	113	115	32.71	31.25	1	0	
2010-08-22 12:31:44	2915	112	115	32.71	31.25	1	0	
2010-08-22 12:31:45	2915	111	115	33.69	31.74	1	0	
2010-08-22 12:31:46	2915	112	115	32.71	32.71	1	0	
2010-08-22 12:31:47	2915	112	115	32.71	31.74	1	0	
2010-08-22 12:31:48	2915	112	115	32.71	32.23	1	0	
2010-08-22 12:31:49	2915	111	115	33.20	32.23	1	0	
2010-08-22 12:31:50	2915	111	115	33.69	32.71	1	0	
2010-08-22 12:31:51	2915	112	115	33.69	31.74	1	0	
2010-08-22 12:31:52	2915	112	115	34.18	31.74	1	0	
2010-08-22 12:31:53	2915	112	115	33.20	31.25	1	0	
2010-08-22 12:31:54	2916	112	115	33.20	31.25	1	0	
2010-08-22 12:31:55	2916	112	115	33.69	30.27	1	0	
2010-08-22 12:31:56	2916	112	115	33.69	30.76	1	0	
2010-08-22 12:31:57	2916	111	115	33.20	31.25	1	0	
2010-08-22 12:31:58	2916	111	115	33.20	31.25	1	0	
2010-08-22 12:31:59	2916	111	115	33.69	31.25	1	0	
2010-08-22 12:32:00	2916	112	115	33.20	30.76	1	0	
2010-08-22 12:32:01	2916	110	115	32.23	31.25	1	0	
2010-08-22 12:32:02	2916	112	116	30.76	31.25	1	0	
2010-08-22 12:32:03	2916	112	116	30.76	31.25	1	0	
2010-08-22 12:32:04	2917	110	114	32.23	31.74	1	0	
2010-08-22 12:32:05	2917	112	116	33.20	32.23	1	0	
2010-08-22 12:32:06	2917	111	116	17.09	32.23	1	0	
2010-08-22 12:32:07	2917	112	116	33.20	31.74	1	0	
2010-08-22 12:32:08	2917	111	116	33.69	30.76	1	0	
2010-08-22 12:32:09	2917	111	116	33.69	30.76	1	0	
2010-08-22 12:32:10	2917	112	116	33.69	31.25	1	0	
2010-08-22 12:32:11	2917	112	116	31.74	30.76	1	0	
2010-08-22 12:32:12	2917	112	116	32.23	30.76	1	0	
2010-08-22 12:32:13	2917	111	116	33.20	31.25	1	0	
2010-08-22 12:32:14	2918	112	115	32.71	31.74	1	0	
2010-08-22 12:32:15	2918	112	115	33.69	31.74	1	0	
2010-08-22 12:32:16	2918	113	115	33.69	31.25	1	0	
2010-08-22 12:32:17	2918	112	115	32.71	21.48	1	0	
2010-08-22 12:32:18	2918	111	115	33.20	31.74	1	0	
2010-08-22 12:32:20	2918	113	115	32.71	30.76	1	0	
2010-08-22 12:32:21	2918	112	115	33.20	31.74	1	0	
2010-08-22 12:32:22	2918	110	115	32.71	32.23	1	0	
2010-08-22 12:32:23	2918	111	115	33.20	31.74	1	0	
2010-08-22 12:32:24	2918	112	115	33.20	31.25	1	0	
2010-08-22 12:32:25	2919	111	114	33.20	30.76	1	0	
2010-08-22 12:32:26	2919	112	115	32.71	31.25	1	0	
2010-08-22 12:32:27	2919	111	115	32.23	31.25	1	0	
2010-08-22 12:32:28	2919	113	115	32.23	31.74	1	0	
2010-08-22 12:32:29	2919	112	115	32.71	31.74	1	0	
2010-08-22 12:32:30	2919	113	115	32.71	31.25	1	0	
2010-08-22 12:32:31	2919	112	115	32.23	31.74	1	0	
2010-08-22 12:32:32	2919	111	115	33.20	31.74	1	0	
2010-08-22 12:32:33	2919	112	115	32.71	31.74	1	0	
2010-08-22 12:32:34	2919	111	115	33.20	31.25	1	0	
2010-08-22 12:32:35	2920	112	115	32.23	31.25	1	0	
2010-08-22 12:32:36	2920	113	115	32.23	31.74	1	0	
2010-08-22 12:32:37	2920	111	115	32.71	31.74	1	0	
2010-08-22 12:32:38	2920	113	115	32.71	32.23	1	0	
2010-08-22 12:32:39	2920	112	115	33.20	32.23	1	0	
2010-08-22 12:32:40	2920	111	115	33.69	31.25	1	0	
2010-08-22 12:32:41	2920	112	115	33.20	31.74	1	0	
2010-08-22 12:32:42	2920	112	115	33.20	31.25	1	0	
2010-08-22 12:32:43	2920	111	115	32.71	32.23	1	0	
2010-08-22 12:32:44	2920	112	115	32.23	31.74	1	0	
2010-08-22 12:32:45	2921	112	114	33.69	31.74	1	0	
2010-08-22 12:32:46	2921	113	115	33.20	31.74	1	0	
2010-08-22 12:32:47	2921	111	115	32.71	11.23	1	0	
2010-08-22 12:32:48	2921	111	115	32.71	32.23	1	0	
2010-08-22 12:32:49	2921	114	115	33.69	32.23	1	0	
2010-08-22 12:32:50	2921	113	115	33.20	31.74	1	0	
2010-08-22 12:32:51	2921	111	115	33.69	31.74	1	0	
2010-08-22 12:32:52	2921	111	115	33.69	31.74	1	0	
2010-08-22 12:32:53	2921	112	115	33.69	32.23	1	0	
2010-08-22 12:32:55	2921	111	115	32.23	32.23	1	0	
2010-08-22 12:32:56	2922	112	114	33.69	32.71	1	0	
2010-08-22 12:32:57	2922	112	114	33.69	31.74	1	0	
2010-08-22 12:32:58	2922	112	114	30.76	31.74	1	0	
2010-08-22 12:32:59	2922	110	114	32.23	32.23	1	0	
2010-08-22 12:33:00	2922	111	114	32.71	32.23	1	0	
2010-08-22 12:33:01	2922	112	115	32.71	33.20	1	0	
2010-08-22 12:33:02	2922	112	115	32.71	32.71	1	0	
2010-08-22 12:33:03	2922	111	115	32.71	32.71	1	0	
2010-08-22 12:33:04	2922	112	115	34.18	26.37	1	0	
2010-08-22 12:33:05	2922	111	115	33.69	32.71	1	0	
2010-08-22 12:33:06	2923	112	115	34.18	31.74	1	0	
2010-08-22 12:33:07	2923	110	115	34.18	32.23	1	0	
2010-08-22 12:33:08	2923	112	115	33.69	32.23	1	0	
2010-08-22 12:33:09	2923	112	115	33.69	31.74	1	0	
2010-08-22 12:33:10	2923	112	115	33.69	32.71	1	0	
2010-08-22 12:33:11	2923	113	115	33.69	32.23	1	0	
2010-08-22 12:33:12	2923	113	115	34.18	30.27	1	0	
2010-08-22 12:33:13	2923	113	115	33.69	32.23	1	0	
2010-08-22 12:33:14	2923	112	115	33.69	32.23	1	0	
2010-08-22 12:33:15	2923	111	115	33.20	32.71	1	0	
2010-08-22 12:33:16	2924	112	115	33.69	33.69	1	0	
2010-08-22 12:33:17	2924	111	115	28.81	33.20	1	0	
2010-08-22 12:33:18	2924	110	115	33.69	33.20	1	0	
2010-08-22 12:33:19	2924	111	115	33.69	26.37	1	0	
2010-08-22 12:33:20	2924	112	115	34.18	32.23	1	0	
2010-08-22 12:33:21	2924	112	115	33.69	33.20	1	0	
2010-08-22 12:33:22	2924	112	115	33.20	32.23	1	0	
2010-08-22 12:33:23	2924	111	115	33.20	33.20	1	0	
2010-08-22 12:33:24	2924	112	115	34.18	26.37	1	0	
2010-08-22 12:33:25	2924	112	115	34.67	33.69	1	0	
2010-08-22 12:33:26	2925	112	115	34.18	32.71	1	0	
2010-08-22 12:33:27	2925	111	115	33.20	32.71	1	0	
2010-08-22 12:33:28	2925	112	115	34.18	32.23	1	0	
2010-08-22 12:33:29	2925	112	115	33.20	32.23	1	0	
2010-08-22 12:33:31	2925	112	115	32.71	32.23	1	0	
2010-08-22 12:33:32	2925	111	115	33.20	32.71	1	0	
2010-08-22 12:33:33	2925	113	115	34.67	31.74	1	0	
2010-08-22 12:33:34	2925	110	115	33.69	32.71	1	0	
2010-08-22 12:33:35	2925	111	115	33.69	32.23	1	0	
2010-08-22 12:33:36	2925	112	115	29.30	32.23	1	0	
2010-08-22 12:33:37	2926	110	115	34.18	32.23	1	0	
2010-08-22 12:33:38	2926	110	115	34.67	22.95	1	0	
2010-08-22 12:33:39	2926	112	115	34.18	31.74	1	0	
2010-08-22 12:33:40	2926	110	115	33.69	32.71	1	0	
2010-08-22 12:33:41	2926	112	115	33.69	32.23	1	0	
2010-08-22 12:33:42	2926	111	115	33.20	32.71	1	0	
2010-08-22 12:33:43	2926	112	115	34.18	32.71	1	0	
2010-08-22 12:33:44	2926	111	115	34.18	31.74	1	0	
2010-08-22 12:33:45	2926	111	115	34.18	31.74	1	0	
2010-08-22 12:33:46	2926	112	115	33.20	32.71	1	0	
2010-08-22 12:33:47	2927	111	114	33.20	33.20	1	0	
2010-08-22 12:33:48	2927	112	114	33.20	33.20	1	0	
2010-08-22 12:33:49	2927	110	115	33.69	33.20	1	0	
2010-08-22 12:33:50	2927	111	115	34.18	32.71	1	0	
2010-08-22 12:33:51	2927	111	115	34.18	32.23	1	0	
2010-08-22 12:33:52	2927	111	115	34.18	32.23	1	0	
2010-08-22 12:33:53	2927	110	115	32.23	33.20	1	0	
2010-08-22 12:33:54	2927	112	115	34.18	32.23	1	0	
2010-08-22 12:33:55	2927	111	115	32.71	33.69	1	0	
2010-08-22 12:33:56	2927	111	115	33.20	33.69	1	0	
2010-08-22 12:33:57	2928	112	114	33.20	33.69	1	0	
2010-08-22 12:33:58	2928	112	114	34.18	33.20	1	0	
2010-08-22 12:33:59	2928	112	114	34.67	32.23	1	0	
2010-08-22 12:34:00	2928	111	115	34.18	32.71	1	0	
2010-08-22 12:34:01	2928	111	115	34.67	31.74	1	0	
2010-08-22 12:34:02	2928	112	115	33.20	32.71	1	0	
2010-08-22 12:34:03	2928	112	115	33.20	28.32	1	0	
2010-08-22 12:34:04	2928	111	115	33.20	14.65	1	0	
2010-08-22 12:34:05	2928	111	115	33.69	33.20	1	0	
2010-08-22 12:34:07	2928	111	115	33.69	33.20	1	0	
2010-08-22 12:34:08	2929	111	114	33.69	33.69	1	0	
2010-08-22 12:34:09	2929	112	114	34.18	32.71	1	0	
2010-08-22 12:34:10	2929	110	115	33.69	33.20	1	0	
2010-08-22 12:34:11	2929	112	115	19.53	33.20	1	0	
2010-08-22 12:34:12	2929	112	115	34.67	33.20	1	0	
2010-08-22 12:34:13	2929	112	115	34.67	32.71	1	0	
2010-08-22 12:34:14	2929	111	115	34.18	32.23	1	0	
2010-08-22 12:34:15	2929	112	115	34.18	32.23	1	0	
2010-08-22 12:34:16	2929	110	115	35.16	32.71	1	0	
2010-08-22 12:34:17	2929	112	115	33.20	32.23	1	0	
2010-08-22 12:34:18	2930	112	115	34.67	33.20	1	0	
2010-08-22 12:34:19	2930	113	115	34.18	32.71	1	0	
2010-08-22 12:34:20	2930	111	115	34.67	32.23	1	0	
2010-08-22 12:34:21	2930	111	115	15.14	33.20	1	0	
2010-08-22 12:34:22	2930	111	115	34.67	33.20	1	0	
2010-08-22 12:34:23	2930	111	115	34.67	31.25	1	0	
2010-08-22 12:34:24	2930	112	115	33.69	33.20	1	0	
2010-08-22 12:34:25	2930	112	116	29.79	33.20	1	0	
2010-08-22 12:34:26	2930	110	116	34.18	32.71	1	0	
2010-08-22 12:34:27	2930	111	116	34.67	32.71	1	0	
2010-08-22 12:34:28	2931	112	115	33.20	32.71	1	0	
2010-08-22 12:34:29	2931	111	115	34.67	32.23	1	0	
2010-08-22 12:34:30	2931	112	115	34.67	32.23	1	0	
2010-08-22 12:34:31	2931	111	115	34.67	32.23	1	0	
2010-08-22 12:34:32	2931	111	115	35.16	25.88	1	0	
2010-08-22 12:34:33	2931	112	115	34.67	32.23	1	0	
2010-08-22 12:34:34	2931	112	115	34.67	32.23	1	0	
2010-08-22 12:34:35	2931	111	115	33.69	32.71	1	0	
2010-08-22 12:34:36	2931	111	115	33.69	32.71	1	0	
2010-08-22 12:34:37	2931	110	115	33.69	33.69	1	0	
2010-08-22 12:34:38	2932	112	114	34.18	33.20	1	0	
2010-08-22 12:34:39	2932	112	115	34.18	33.69	1	0	
2010-08-22 12:34:40	2932	111	115	34.18	32.71	1	0	
2010-08-22 12:34:41	2932	111	115	35.16	26.37	1	0	
2010-08-22 12:34:43	2932	112	115	34.67	33.20	1	0	
2010-08-22 12:34:44	2932	110	115	34.67	32.71	1	0	
2010-08-22 12:34:45	2932	112	115	35.16	32.23	1	0	
2010-08-22 12:34:46	2932	111	115	34.18	32.23	1	0	
2010-08-22 12:34:47	2932	111	115	33.69	31.74	1	0	
2010-08-22 12:34:48	2932	112	115	33.69	33.20	1	0	
2010-08-22 12:34:49	2933	112	115	34.67	32.23	1	0	
2010-08-22 12:34:50	2933	112	115	33.69	32.23	1	0	
2010-08-22 12:34:51	2933	112	115	32.23	32.23	1	0	
2010-08-22 12:34:52	2933	113	115	34.18	32.71	1	0	
2010-08-22 12:34:53	2933	113	115	34.18	33.20	1	0	
2010-08-22 12:34:54	2933	110	115	34.18	33.69	1	0	
2010-08-22 12:34:55	2933	111	115	33.69	32.71	1	0	
2010-08-22 12:34:56	2933	111	115	33.69	33.69	1	0	
2010-08-22 12:34:57	2933	111	115	34.67	33.20	1	0	
2010-08-22 12:34:58	2933	112	115	34.18	33.69	1	0	
2010-08-22 12:34:59	2934	111	115	34.67	27.34	1	0	
2010-08-22 12:35:00	2934	111	115	34.67	33.20	1	0	
2010-08-22 12:35:01	2934	111	115	34.18	32.71	1	0	
2010-08-22 12:35:02	2934	110	115	33.69	32.71	1	0	
2010-08-22 12:35:03	2934	111	115	33.69	33.69	1	0	
2010-08-22 12:35:04	2934	111	115	34.18	33.20	1	0	
2010-08-22 12:35:05	2934	111	115	33.69	33.20	1	0	
2010-08-22 12:35:06	2934	113	115	34.18	33.69	1	0	
2010-08-22 12:35:07	2934	112	115	34.67	26.86	1	0	
2010-08-22 12:35:08	2934	112	115	35.16	33.20	1	0	
2010-08-22 12:35:09	2935	111	114	33.69	33.20	1	0	
2010-08-22 12:35:10	2935	110	114	34.18	29.30	1	0	
2010-08-22 12:35:11	2935	112	114	34.18	13.67	1	0	
2010-08-22 12:35:12	2935	111	114	34.67	33.20	1	0	
2010-08-22 12:35:13	2935	111	114	33.69	33.69	1	0	
2010-08-22 12:35:14	2935	113	114	34.67	33.69	1	0	
2010-08-22 12:35:15	2935	110	114	34.18	33.69	1	0	
2010-08-22 12:35:16	2935	111	114	33.69	34.18	1	0	
2010-08-22 12:35:18	2935	111	114	34.67	32.71	1	0	
2010-08-22 12:35:19	2935	111	114	35.16	22.95	1	0	
2010-08-22 12:35:20	2936	110	114	35.16	32.71	1	0	
2010-08-22 12:35:21	2936	112	114	34.67	33.20	1	0	
2010-08-22 12:35:22	2936	112	114	35.16	32.71	1	0	
2010-08-22 12:35:23	2936	111	114	34.67	33.20	1	0	
2010-08-22 12:35:24	2936	110	114	35.16	33.20	1	0	
2010-08-22 12:35:25	2936	110	114	34.67	33.69	1	0	
2010-08-22 12:35:26	2936	112	114	35.16	32.23	1	0	
2010-08-22 12:35:27	2936	111	114	35.64	32.71	1	0	
2010-08-22 12:35:28	2936	111	114	34.67	32.71	1	0	
2010-08-22 12:35:29	2936	113	115	34.67	33.20	1	0	
2010-08-22 12:35:30	2937	110	114	35.16	33.69	1	0	
2010-08-22 12:35:31	2937	111	114	33.69	34.18	1	0	
2010-08-22 12:35:32	2937	112	114	34.18	33.69	1	0	
2010-08-22 12:35:33	2937	111	114	33.69	33.69	1	0	
2010-08-22 12:35:34	2937	111	114	33.69	32.71	1	0	
2010-08-22 12:35:35	2937	112	114	33.69	33.20	1	0	
2010-08-22 12:35:36	2937	113	114	34.18	33.20	1	0	
2010-08-22 12:35:37	2937	111	114	35.16	32.23	1	0	
2010-08-22 12:35:38	2937	111	114	34.67	33.69	1	0	
2010-08-22 12:35:39	2937	112	114	34.67	32.71	1	0	
2010-08-22 12:35:40	2938	112	115	34.18	28.81	1	0	
2010-08-22 12:35:41	2938	110	115	34.18	32.71	1	0	
2010-08-22 12:35:42	2938	111	115	34.18	33.20	1	0	
2010-08-22 12:35:43	2938	112	115	34.67	33.20	1	0	
2010-08-22 12:35:44	2938	111	115	34.18	33.20	1	0	
2010-08-22 12:35:45	2938	112	115	34.67	33.69	1	0	
2010-08-22 12:35:46	2938	111	115	13.67	33.20	1	0	
2010-08-22 12:35:47	2938	111	115	35.16	31.74	1	0	
2010-08-22 12:35:48	2938	112	115	10.25	33.20	1	0	
2010-08-22 12:35:49	2938	110	115	34.67	33.20	1	0	
2010-08-22 12:35:50	2939	111	114	34.67	33.69	1	0	
2010-08-22 12:35:51	2939	112	114	30.27	33.20	1	0	
2010-08-22 12:35:52	2939	111	114	34.67	33.20	1	0	
2010-08-22 12:35:54	2939	111	114	34.18	33.20	1	0	
2010-08-22 12:35:55	2939	112	115	33.69	33.69	1	0	
2010-08-22 12:35:56	2939	110	115	34.18	33.20	1	0	
2010-08-22 12:35:57	2939	112	115	34.18	33.20	1	0	
2010-08-22 12:35:58	2939	112	115	34.67	32.23	1	0	
2010-08-22 12:35:59	2939	111	115	34.18	33.20	1	0	
2010-08-22 12:36:00	2939	111	115	34.67	33.69	1	0	
2010-08-22 12:36:01	2940	110	115	34.18	33.69	1	0	
2010-08-22 12:36:02	2940	112	115	33.69	29.30	1	0	
2010-08-22 12:36:03	2940	111	115	34.18	33.20	1	0	
2010-08-22 12:36:04	2940	110	115	34.18	32.71	1	0	
2010-08-22 12:36:05	2940	112	115	35.16	33.20	1	0	
2010-08-22 12:36:06	2940	111	115	34.18	33.20	1	0	
2010-08-22 12:36:07	2940	111	115	35.64	33.20	1	0	
2010-08-22 12:36:08	2940	113	115	29.79	33.20	1	0	
2010-08-22 12:36:09	2940	112	115	34.67	33.69	1	0	
2010-08-22 12:36:10	2940	111	115	16.11	33.69	1	0	
2010-08-22 12:36:11	2941	111	114	35.16	32.71	1	0	
2010-08-22 12:36:12	2941	111	114	34.67	32.71	1	0	
2010-08-22 12:36:13	2941	112	114	34.67	32.71	1	0	
2010-08-22 12:36:14	2941	111	114	34.67	33.69	1	0	
2010-08-22 12:36:15	2941	111	114	35.16	24.90	1	0	
2010-08-22 12:36:16	2941	112	114	34.67	34.67	1	0	
2010-08-22 12:36:17	2941	111	115	34.18	34.18	1	0	
2010-08-22 12:36:18	2941	112	115	33.69	34.18	1	0	
2010-08-22 12:36:19	2941	110	115	34.18	34.67	1	0	
2010-08-22 12:36:20	2941	112	115	34.18	33.20	1	0	
2010-08-22 12:36:20	2942	112	113	66.41	34.18	0	1	
2010-08-22 12:36:21	2942	112	114	35.16	34.18	0	0	
2010-08-22 12:36:21	2943	112	113	34.18	209.47	0	1	MOSFET TEMPERATURE THRESHOLD EXCEEDED
2010-08-22 12:36:22	2943	110	114	35.16	34.67	0	0	
2010-08-22 12:36:22	2944	111	122	35.64	87.40	0	1	MOSFET TEMPERATURE THRESHOLD EXCEEDED
2010-08-22 12:36:23	2944	111	113	35.64	34.18	0	0	
2010-08-22 12:36:25	2945	110	113	34.67	34.67	1	0	
2010-08-22 12:36:26	2945	112	114	34.67	34.18	1	0	
2010-08-22 12:36:27	2945	111	114	35.64	34.18	1	0	
2010-08-22 12:36:28	2945	112	114	35.16	33.69	1	0	
2010-08-22 12:36:29	2945	111	114	35.64	27.83	1	0	
2010-08-22 12:36:30	2945	112	114	35.64	34.18	1	0	
2010-08-22 12:36:31	2945	112	114	36.13	34.67	1	0	
2010-08-22 12:36:32	2945	110	114	35.64	34.18	1	0	
2010-08-22 12:36:33	2945	112	114	35.16	34.67	1	0	
2010-08-22 12:36:34	2945	111	114	32.23	34.18	1	0	
2010-08-22 12:36:35	2946	111	113	12.21	33.20	1	0	
2010-08-22 12:36:36	2946	111	114	34.67	33.69	1	0	
2010-08-22 12:36:37	2946	111	114	35.16	33.69	1	0	
2010-08-22 12:36:38	2946	112	114	34.18	27.34	1	0	
2010-08-22 12:36:39	2946	110	114	34.18	33.20	1	0	
2010-08-22 12:36:40	2946	112	114	34.18	33.20	1	0	
2010-08-22 12:36:41	2946	111	114	34.18	33.20	1	0	
2010-08-22 12:36:42	2946	111	114	34.18	33.20	1	0	
2010-08-22 12:36:43	2946	112	114	33.69	32.71	1	0	
2010-08-22 12:36:44	2946	111	114	34.18	32.23	1	0	
2010-08-22 12:36:45	2947	111	113	34.18	30.76	1	0	
2010-08-22 12:36:46	2947	112	114	33.69	33.20	1	0	
2010-08-22 12:36:47	2947	111	114	35.16	32.71	1	0	
2010-08-22 12:36:48	2947	110	114	35.16	32.71	1	0	
2010-08-22 12:36:49	2947	113	114	35.16	32.71	1	0	
2010-08-22 12:36:50	2947	111	114	35.16	34.18	1	0	
2010-08-22 12:36:51	2947	109	114	34.67	34.18	1	0	
2010-08-22 12:36:52	2947	111	114	35.64	33.69	1	0	
2010-08-22 12:36:53	2947	112	114	34.67	33.20	1	0	
2010-08-22 12:36:54	2947	112	114	34.18	33.20	1	0	
2010-08-22 12:36:55	2948	111	114	34.18	33.20	1	0	
2010-08-22 12:36:56	2948	111	114	34.67	33.69	1	0	
2010-08-22 12:36:57	2948	111	114	35.16	33.69	1	0	
2010-08-22 12:36:58	2948	112	114	34.67	33.69	1	0	
2010-08-22 12:36:59	2948	111	114	33.69	31.74	1	0	
2010-08-22 12:37:01	2948	111	114	33.69	32.71	1	0	
2010-08-22 12:37:02	2948	112	114	34.67	31.25	1	0	
2010-08-22 12:37:03	2948	111	114	34.67	30.76	1	0	
2010-08-22 12:37:04	2948	111	114	34.67	31.25	1	0	
2010-08-22 12:37:05	2948	113	114	34.67	31.25	1	0	
2010-08-22 12:37:06	2949	113	113	33.69	31.25	1	0	
2010-08-22 12:37:07	2949	111	114	34.18	32.71	1	0	
2010-08-22 12:37:08	2949	112	114	34.18	30.27	1	0	
2010-08-22 12:37:09	2949	111	114	34.18	31.74	1	0	
2010-08-22 12:37:10	2949	110	114	34.67	31.25	1	0	
2010-08-22 12:37:11	2949	112	114	34.67	32.23	1	0	
2010-08-22 12:37:12	2949	110	114	31.74	32.71	1	0	
2010-08-22 12:37:13	2949	112	114	33.69	32.23	1	0	
2010-08-22 12:37:14	2949	111	114	33.69	29.79	1	0	
2010-08-22 12:37:15	2949	111	114	34.18	32.71	1	0	
2010-08-22 12:37:16	2950	111	114	33.69	32.71	1	0	
2010-08-22 12:37:17	2950	112	114	33.69	31.74	1	0	
2010-08-22 12:37:18	2950	110	114	33.20	31.25	1	0	
2010-08-22 12:37:19	2950	112	114	33.69	31.74	1	0	
2010-08-22 12:37:20	2950	111	114	33.69	32.23	1	0	
2010-08-22 12:37:21	2950	111	114	33.69	31.74	1	0	
2010-08-22 12:37:22	2950	112	114	34.67	31.74	1	0	
2010-08-22 12:37:23	2950	110	114	34.18	32.23	1	0	
2010-08-22 12:37:24	2950	112	114	34.18	32.23	1	0	
2010-08-22 12:37:25	2950	109	114	34.18	31.74	1	0	
2010-08-22 12:37:26	2951	111	113	34.67	31.25	1	0	
2010-08-22 12:37:27	2951	111	114	34.67	31.74	1	0	
2010-08-22 12:37:28	2951	110	114	35.16	32.23	1	0	
2010-08-22 12:37:29	2951	111	114	35.16	32.23	1	0	
2010-08-22 12:37:30	2951	111	114	34.18	32.23	1	0	
2010-08-22 12:37:31	2951	112	114	34.67	32.23	1	0	
2010-08-22 12:37:32	2951	111	114	34.67	30.76	1	0	
2010-08-22 12:37:33	2951	112	114	34.18	30.27	1	0	
2010-08-22 12:37:34	2951	112	114	31.74	32.71	1	0	
2010-08-22 12:37:35	2951	111	114	34.67	33.69	1	0	
2010-08-22 12:37:37	2952	111	114	34.67	33.20	1	0	
2010-08-22 12:37:38	2952	111	114	33.20	32.71	1	0	
2010-08-22 12:37:39	2952	112	114	34.18	33.20	1	0	
2010-08-22 12:37:40	2952	111	114	31.25	32.23	1	0	
2010-08-22 12:37:41	2952	112	114	34.18	31.74	1	0	
2010-08-22 12:37:42	2952	111	114	10.74	33.20	1	0	
2010-08-22 12:37:43	2952	111	114	34.18	33.20	1	0	
2010-08-22 12:37:44	2952	112	114	33.20	31.25	1	0	
2010-08-22 12:37:45	2952	111	114	34.18	31.74	1	0	
2010-08-22 12:37:46	2952	110	114	34.67	31.74	1	0	
2010-08-22 12:37:47	2953	112	114	34.67	31.74	1	0	
2010-08-22 12:37:48	2953	112	114	34.18	29.79	1	0	
2010-08-22 12:37:49	2953	111	114	34.18	31.25	1	0	
2010-08-22 12:37:50	2953	112	114	29.79	31.25	1	0	
2010-08-22 12:37:51	2953	111	114	34.18	31.25	1	0	
2010-08-22 12:37:52	2953	112	114	34.67	32.71	1	0	
2010-08-22 12:37:53	2953	111	114	33.69	32.71	1	0	
2010-08-22 12:37:54	2953	111	114	33.69	31.74	1	0	
2010-08-22 12:37:55	2953	110	114	33.69	32.71	1	0	
2010-08-22 12:37:56	2953	111	114	33.69	32.23	1	0	
2010-08-22 12:37:57	2954	111	114	33.69	32.71	1	0	
2010-08-22 12:37:58	2954	110	114	34.18	32.23	1	0	
2010-08-22 12:37:59	2954	111	114	34.67	30.76	1	0	
2010-08-22 12:38:00	2954	111	114	34.18	25.88	1	0	
2010-08-22 12:38:01	2954	110	114	34.67	32.23	1	0	
2010-08-22 12:38:02	2954	112	114	34.67	31.74	1	0	
2010-08-22 12:38:03	2954	112	114	34.67	31.25	1	0	
2010-08-22 12:38:04	2954	111	114	11.23	32.71	1	0	
2010-08-22 12:38:05	2954	110	114	33.69	32.71	1	0	
2010-08-22 12:38:06	2954	111	114	31.25	33.20	1	0	
2010-08-22 12:38:07	2955	111	114	33.69	32.71	1	0	
2010-08-22 12:38:08	2955	111	114	33.69	32.71	1	0	
2010-08-22 12:38:09	2955	111	114	34.18	31.25	1	0	
2010-08-22 12:38:10	2955	111	114	34.67	32.71	1	0	
2010-08-22 12:38:11	2955	110	114	34.18	32.23	1	0	
2010-08-22 12:38:13	2955	110	114	10.74	32.71	1	0	
2010-08-22 12:38:14	2955	112	114	31.25	32.71	1	0	
2010-08-22 12:38:15	2955	110	114	34.18	32.71	1	0	
2010-08-22 12:38:16	2955	111	114	34.18	10.74	1	0	
2010-08-22 12:38:17	2955	111	114	33.69	31.74	1	0	
2010-08-22 12:38:18	2956	112	113	33.69	32.71	1	0	
2010-08-22 12:38:19	2956	111	114	34.18	31.25	1	0	
2010-08-22 12:38:20	2956	111	114	34.18	32.23	1	0	
2010-08-22 12:38:21	2956	111	114	34.67	31.74	1	0	
2010-08-22 12:38:22	2956	110	114	34.18	31.74	1	0	
2010-08-22 12:38:23	2956	113	114	34.18	31.25	1	0	
2010-08-22 12:38:24	2956	111	114	34.18	31.74	1	0	
2010-08-22 12:38:25	2956	112	114	34.67	30.76	1	0	
2010-08-22 12:38:26	2956	111	114	34.18	32.23	1	0	
2010-08-22 12:38:27	2956	111	114	34.18	33.20	1	0	
2010-08-22 12:38:28	2957	111	114	34.18	32.71	1	0	
2010-08-22 12:38:29	2957	110	114	31.25	32.71	1	0	
2010-08-22 12:38:30	2957	111	114	33.69	33.20	1	0	
2010-08-22 12:38:31	2957	111	114	34.18	32.71	1	0	
2010-08-22 12:38:32	2957	111	114	33.69	33.20	1	0	
2010-08-22 12:38:33	2957	111	114	33.69	33.69	1	0	
2010-08-22 12:38:34	2957	110	114	34.18	30.27	1	0	
2010-08-22 12:38:35	2957	110	114	33.69	32.71	1	0	
2010-08-22 12:38:36	2957	111	114	33.69	33.69	1	0	
2010-08-22 12:38:37	2957	111	114	34.18	32.23	1	0	
2010-08-22 12:38:38	2958	111	113	33.69	32.71	1	0	
2010-08-22 12:38:39	2958	111	114	33.69	33.69	1	0	
2010-08-22 12:38:40	2958	111	114	34.18	33.20	1	0	
2010-08-22 12:38:41	2958	112	114	33.69	11.23	1	0	
2010-08-22 12:38:42	2958	109	114	34.18	32.23	1	0	
2010-08-22 12:38:43	2958	111	114	34.18	32.23	1	0	
2010-08-22 12:38:44	2958	111	114	33.69	32.23	1	0	
2010-08-22 12:38:45	2958	111	114	34.18	32.71	1	0	
2010-08-22 12:38:46	2958	111	114	29.79	32.23	1	0	
2010-08-22 12:38:47	2958	111	114	29.79	32.23	1	0	
2010-08-22 12:38:49	2959	110	113	34.18	32.71	1	0	
2010-08-22 12:38:50	2959	110	114	30.27	32.23	1	0	
2010-08-22 12:38:51	2959	111	114	34.67	32.71	1	0	
2010-08-22 12:38:52	2959	111	114	34.18	32.23	1	0	
2010-08-22 12:38:53	2959	111	114	34.18	26.37	1	0	
2010-08-22 12:38:54	2959	110	114	34.67	32.71	1	0	
2010-08-22 12:38:55	2959	111	114	9.77	33.20	1	0	
2010-08-22 12:38:56	2959	110	114	35.16	33.20	1	0	
2010-08-22 12:38:57	2959	111	114	11.23	33.20	1	0	
2010-08-22 12:38:58	2959	111	114	34.18	33.20	1	0	
2010-08-22 12:38:59	2960	112	113	10.74	33.20	1	0	
2010-08-22 12:39:00	2960	110	114	13.18	33.69	1	0	
2010-08-22 12:39:01	2960	110	114	33.69	32.71	1	0	
2010-08-22 12:39:02	2960	112	114	34.18	33.20	1	0	
2010-08-22 12:39:03	2960	111	114	34.18	33.20	1	0	
2010-08-22 12:39:04	2960	110	114	31.74	32.71	1	0	
2010-08-22 12:39:05	2960	111	114	34.18	31.74	1	0	
2010-08-22 12:39:06	2960	112	114	34.67	31.74	1	0	
2010-08-22 12:39:07	2960	111	114	33.69	31.74	1	0	
2010-08-22 12:39:08	2960	110	114	35.16	30.76	1	0	
2010-08-22 12:39:09	2961	111	114	34.67	31.74	1	0	
2010-08-22 12:39:10	2961	111	114	34.67	31.74	1	0	
2010-08-22 12:39:11	2961	112	114	34.18	31.74	1	0	
2010-08-22 12:39:12	2961	110	114	34.18	26.37	1	0	
2010-08-22 12:39:13	2961	112	114	34.18	32.71	1	0	
2010-08-22 12:39:14	2961	110	114	33.69	31.74	1	0	
2010-08-22 12:39:15	2961	111	114	34.18	32.71	1	0	
2010-08-22 12:39:16	2961	110	114	11.72	32.23	1	0	
2010-08-22 12:39:17	2961	111	114	33.69	32.71	1	0	
2010-08-22 12:39:18	2961	111	114	34.18	32.23	1	0	
2010-08-22 12:39:19	2962	111	113	33.69	32.23	1	0	
2010-08-22 12:39:20	2962	112	113	33.20	33.20	1	0	
2010-08-22 12:39:21	2962	112	114	31.25	32.71	1	0	
2010-08-22 12:39:22	2962	111	114	34.18	32.71	1	0	
2010-08-22 12:39:23	2962	111	114	33.69	31.74	1	0	
2010-08-22 12:39:25	2962	112	114	33.20	32.71	1	0	
2010-08-22 12:39:26	2962	111	114	33.20	33.20	1	0	
2010-08-22 12:39:27	2962	111	114	33.69	32.71	1	0	
2010-08-22 12:39:28	2962	112	114	33.69	31.74	1	0	
2010-08-22 12:39:29	2962	112	114	32.71	31.74	1	0	
2010-08-22 12:39:30	2963	111	114	33.69	31.74	1	0	
2010-08-22 12:39:31	2963	111	114	33.69	30.76	1	0	
2010-08-22 12:39:32	2963	112	114	33.20	10.74	1	0	
2010-08-22 12:39:33	2963	111	114	33.20	12.70	1	0	
2010-08-22 12:39:34	2963	110	114	33.20	32.71	1	0	
2010-08-22 12:39:35	2963	111	114	29.30	31.74	1	0	
2010-08-22 12:39:36	2963	112	114	34.18	31.74	1	0	
2010-08-22 12:39:37	2963	111	114	34.18	30.76	1	0	
2010-08-22 12:39:38	2963	111	114	34.18	25.88	1	0	
2010-08-22 12:39:39	2963	112	114	32.71	31.74	1	0	
2010-08-22 12:39:40	2964	112	114	32.23	31.74	1	0	
2010-08-22 12:39:41	2964	112	114	32.71	31.74	1	0	
2010-08-22 12:39:42	2964	110	114	32.71	32.23	1	0	
2010-08-22 12:39:43	2964	112	114	34.18	31.25	1	0	
2010-08-22 12:39:44	2964	111	114	34.18	32.71	1	0	
2010-08-22 12:39:45	2964	111	114	34.18	31.74	1	0	
2010-08-22 12:39:46	2964	111	114	34.18	30.27	1	0	
2010-08-22 12:39:47	2964	111	114	33.20	32.71	1	0	
2010-08-22 12:39:48	2964	111	114	27.34	32.71	1	0	
2010-08-22 12:39:49	2964	110	114	33.69	33.20	1	0	
2010-08-22 12:39:50	2965	112	114	33.69	32.71	1	0	
2010-08-22 12:39:51	2965	111	114	33.20	32.71	1	0	
2010-08-22 12:39:52	2965	111	114	31.25	33.20	1	0	
2010-08-22 12:39:53	2965	110	114	34.67	32.71	1	0	
2010-08-22 12:39:54	2965	111	114	34.18	32.71	1	0	
2010-08-22 12:39:55	2965	112	114	33.69	33.20	1	0	
2010-08-22 12:39:56	2965	111	114	33.20	33.20	1	0	
2010-08-22 12:39:57	2965	111	114	34.18	33.20	1	0	
2010-08-22 12:39:58	2965	111	114	33.69	32.23	1	0	
2010-08-22 12:39:59	2965	112	114	34.18	32.23	1	0	
2010-08-22 12:40:01	2966	111	114	34.18	31.74	1	0	
2010-08-22 12:40:02	2966	112	114	34.67	31.74	1	0	
2010-08-22 12:40:03	2966	111	114	34.18	31.74	1	0	
2010-08-22 12:40:04	2966	112	114	34.18	31.74	1	0	
2010-08-22 12:40:05	2966	110	114	34.67	32.23	1	0	
2010-08-22 12:40:06	2966	111	114	34.67	33.20	1	0	
2010-08-22 12:40:07	2966	111	114	34.18	32.71	1	0	
2010-08-22 12:40:08	2966	111	114	34.67	31.25	1	0	
2010-08-22 12:40:09	2966	112	114	34.18	31.74	1	0	
2010-08-22 12:40:10	2966	110	114	14.16	32.23	1	0	
2010-08-22 12:40:11	2967	111	113	34.18	32.23	1	0	
2010-08-22 12:40:12	2967	111	113	34.67	31.25	1	0	
2010-08-22 12:40:13	2967	111	114	34.67	26.37	1	0	
2010-08-22 12:40:14	2967	110	114	29.30	32.71	1	0	
2010-08-22 12:40:15	2967	112	114	31.74	32.71	1	0	
2010-08-22 12:40:16	2967	111	114	34.18	32.23	1	0	
2010-08-22 12:40:17	2967	112	114	33.69	31.25	1	0	
2010-08-22 12:40:18	2967	110	114	33.69	31.74	1	0	
2010-08-22 12:40:19	2967	111	114	34.18	32.71	1	0	
2010-08-22 12:40:20	2967	111	114	34.67	31.74	1	0	
2010-08-22 12:40:21	2968	110	113	34.18	31.25	1	0	
2010-08-22 12:40:22	2968	112	113	34.67	31.74	1	0	
2010-08-22 12:40:23	2968	111	114	34.67	31.25	1	0	
2010-08-22 12:40:24	2968	112	114	34.67	31.25	1	0	
2010-08-22 12:40:25	2968	110	114	33.69	32.23	1	0	
2010-08-22 12:40:26	2968	112	114	34.18	32.71	1	0	
2010-08-22 12:40:27	2968	111	114	34.18	32.71	1	0	
2010-08-22 12:40:28	2968	110	114	33.69	33.20	1	0	
2010-08-22 12:40:29	2968	112	114	34.18	31.25	1	0	
2010-08-22 12:40:30	2968	111	114	33.20	31.74	1	0	
2010-08-22 12:40:31	2969	111	113	33.69	32.71	1	0	
2010-08-22 12:40:32	2969	111	114	33.69	32.71	1	0	
2010-08-22 12:40:33	2969	111	114	31.25	32.71	1	0	
2010-08-22 12:40:34	2969	112	114	34.67	33.20	1	0	
2010-08-22 12:40:35	2969	111	114	35.16	31.25	1	0	
2010-08-22 12:40:37	2969	111	114	34.67	32.71	1	0	
2010-08-22 12:40:38	2969	112	114	34.18	32.71	1	0	
2010-08-22 12:40:39	2969	111	114	33.69	33.20	1	0	
2010-08-22 12:40:40	2969	111	114	33.69	32.71	1	0	
2010-08-22 12:40:41	2969	110	114	34.18	33.20	1	0	
2010-08-22 12:40:42	2970	112	114	31.74	32.71	1	0	
2010-08-22 12:40:43	2970	111	114	34.67	32.71	1	0	
2010-08-22 12:40:44	2970	111	114	34.67	30.27	1	0	
2010-08-22 12:40:45	2970	111	114	13.18	32.71	1	0	
2010-08-22 12:40:46	2970	111	114	14.65	33.20	1	0	
2010-08-22 12:40:47	2970	111	114	35.16	31.25	1	0	
2010-08-22 12:40:48	2970	111	114	33.69	32.71	1	0	
2010-08-22 12:40:49	2970	110	114	34.67	32.71	1	0	
2010-08-22 12:40:50	2970	111	114	9.77	32.71	1	0	
2010-08-22 12:40:51	2970	111	114	34.67	31.25	1	0	
2010-08-22 12:40:52	2971	110	113	34.67	31.74	1	0	
2010-08-22 12:40:53	2971	111	114	34.67	31.25	1	0	
2010-08-22 12:40:54	2971	110	114	35.16	31.74	1	0	
2010-08-22 12:40:55	2971	112	114	32.23	32.71	1	0	
2010-08-22 12:40:56	2971	111	114	33.69	33.20	1	0	
2010-08-22 12:40:57	2971	110	114	34.18	33.20	1	0	
2010-08-22 12:40:58	2971	112	114	33.69	32.71	1	0	
2010-08-22 12:40:59	2971	112	114	34.18	32.23	1	0	
2010-08-22 12:41:00	2971	111	114	32.23	33.20	1	0	
2010-08-22 12:41:01	2971	111	114	35.16	30.76	1	0	
2010-08-22 12:41:02	2972	113	114	34.67	31.25	1	0	
2010-08-22 12:41:03	2972	111	114	34.18	31.25	1	0	
2010-08-22 12:41:04	2972	112	114	34.67	31.74	1	0	
2010-08-22 12:41:05	2972	111	114	34.18	31.74	1	0	
2010-08-22 12:41:06	2972	110	114	34.18	33.20	1	0	
2010-08-22 12:41:07	2972	111	114	34.18	33.20	1	0	
2010-08-22 12:41:08	2972	111	114	33.69	32.71	1	0	
2010-08-22 12:41:09	2972	111	114	34.18	33.20	1	0	
2010-08-22 12:41:10	2972	112	114	33.69	32.23	1	0	
2010-08-22 12:41:12	2972	110	114	34.18	33.20	1	0	
2010-08-22 12:41:13	2973	111	113	34.18	32.71	1	0	
2010-08-22 12:41:14	2973	111	114	33.69	31.74	1	0	
2010-08-22 12:41:15	2973	111	114	34.67	31.74	1	0	
2010-08-22 12:41:16	2973	112	114	33.69	31.74	1	0	
2010-08-22 12:41:17	2973	112	114	34.67	31.74	1	0	
2010-08-22 12:41:18	2973	111	114	35.16	31.25	1	0	
2010-08-22 12:41:19	2973	111	114	35.16	31.74	1	0	
2010-08-22 12:41:20	2973	111	114	34.67	30.76	1	0	
2010-08-22 12:41:21	2973	110	114	34.18	33.20	1	0	
2010-08-22 12:41:22	2973	112	114	34.18	32.23	1	0	
2010-08-22 12:41:23	2974	111	114	33.69	32.23	1	0	
2010-08-22 12:41:24	2974	110	114	33.69	32.71	1	0	
2010-08-22 12:41:25	2974	110	114	34.18	32.71	1	0	
2010-08-22 12:41:26	2974	111	114	34.18	31.25	1	0	
2010-08-22 12:41:27	2974	111	114	33.69	31.74	1	0	
2010-08-22 12:41:28	2974	111	114	34.18	33.20	1	0	
2010-08-22 12:41:29	2974	111	114	34.67	31.25	1	0	
2010-08-22 12:41:30	2974	112	114	34.67	32.23	1	0	
2010-08-22 12:41:31	2974	111	114	34.67	31.25	1	0	
2010-08-22 12:41:32	2974	111	114	34.67	32.23	1	0	
2010-08-22 12:41:33	2975	113	114	35.16	31.25	1	0	
2010-08-22 12:41:34	2975	112	114	35.16	31.74	1	0	
2010-08-22 12:41:35	2975	111	114	34.67	31.25	1	0	
2010-08-22 12:41:36	2975	110	114	34.18	33.69	1	0	
2010-08-22 12:41:37	2975	112	114	34.67	31.25	1	0	
2010-08-22 12:41:38	2975	111	114	34.67	32.23	1	0	
2010-08-22 12:41:39	2975	111	114	34.67	31.74	1	0	
2010-08-22 12:41:40	2975	111	114	35.16	31.74	1	0	
2010-08-22 12:41:41	2975	111	114	35.16	33.20	1	0	
2010-08-22 12:41:42	2975	111	114	34.67	32.23	1	0	
2010-08-22 12:41:43	2976	112	114	35.16	32.23	1	0	
2010-08-22 12:41:44	2976	111	114	35.16	32.71	1	0	
2010-08-22 12:41:45	2976	110	114	32.23	33.69	1	0	
2010-08-22 12:41:46	2976	112	114	34.18	32.71	1	0	
2010-08-22 12:41:48	2976	111	114	34.18	33.20	1	0	
2010-08-22 12:41:49	2976	111	114	34.67	33.20	1	0	
2010-08-22 12:41:50	2976	111	114	29.79	32.23	1	0	
2010-08-22 12:41:51	2976	111	114	34.67	32.23	1	0	
2010-08-22 12:41:52	2976	112	114	34.67	31.25	1	0	
2010-08-22 12:41:53	2976	111	114	35.16	32.23	1	0	
2010-08-22 12:41:54	2977	112	116	34.18	33.69	1	0	
2010-08-22 12:41:55	2977	111	116	34.18	32.71	1	0	
2010-08-22 12:41:56	2977	110	116	35.16	32.71	1	0	
2010-08-22 12:41:57	2977	113	116	35.16	33.20	1	0	
2010-08-22 12:41:58	2977	111	117	34.67	32.23	1	0	
2010-08-22 12:41:58	2977	112	117	66.89	34.18	0	1	
2010-08-22 12:41:59	2977	108	113	35.64	33.69	0	0	
2010-08-22 12:41:59	2978	110	111	178.71	33.20	0	1	CELL TEMPERATURE THRESHOLD EXCEEDED
2010-08-22 12:42:00	2978	111	113	35.16	33.69	0	0	
2010-08-22 12:42:00	2979	111	116	34.18	139.65	0	1	MOSFET TEMPERATURE THRESHOLD EXCEEDED
2010-08-22 12:42:01	2979	112	113	35.16	33.69	0	0	
2010-08-22 12:42:02	2980	111	116	33.20	31.74	1	0	
2010-08-22 12:42:02	2980	111	116	65.43	33.69	0	1	
2010-08-22 12:42:03	2980	111	114	35.16	33.69	0	0	
2010-08-22 12:42:03	2981	111	112	34.67	156.25	0	1	MOSFET TEMPERATURE THRESHOLD EXCEEDED
2010-08-22 12:42:04	2981	111	112	35.16	33.20	0	0	
2010-08-22 12:42:04	2982	112	113	120.61	32.23	0	1	CELL TEMPERATURE THRESHOLD EXCEEDED
2010-08-22 12:42:05	2982	110	113	35.16	33.20	0	0	
2010-08-22 12:42:06	2983	111	114	22.46	33.20	1	0	
2010-08-22 12:42:07	2983	111	114	32.71	31.74	1	0	
2010-08-22 12:42:08	2983	110	114	35.16	31.74	1	0	
2010-08-22 12:42:09	2983	113	114	34.67	32.71	1	0	
2010-08-22 12:42:10	2983	111	114	34.18	32.23	1	0	
2010-08-22 12:42:11	2983	110	114	35.16	32.23	1	0	
2010-08-22 12:42:12	2983	113	114	65.92	32.23	0	1	
2010-08-22 12:42:12	2983	114	114	35.16	32.23	0	0	
2010-08-22 12:42:12	2984	112	113	34.67	138.67	0	1	MOSFET TEMPERATURE THRESHOLD EXCEEDED
2010-08-22 12:42:13	2984	110	114	35.16	33.20	0	0	
2010-08-22 12:42:14	2985	111	111	117.68	31.25	0	1	CELL TEMPERATURE THRESHOLD EXCEEDED
2010-08-22 12:42:15	2985	111	113	35.16	32.71	0	0	
2010-08-22 12:42:16	2986	111	113	35.16	29.30	1	0	
2010-08-22 12:42:17	2986	113	114	34.67	32.71	1	0	
2010-08-22 12:42:18	2986	111	115	35.16	31.74	1	0	
2010-08-22 12:42:19	2986	111	115	34.67	32.23	1	0	
2010-08-22 12:42:20	2986	110	115	34.67	31.25	1	0	
2010-08-22 12:42:21	2986	111	115	34.67	32.23	1	0	
2010-08-22 12:42:22	2986	112	115	35.64	31.25	1	0	
2010-08-22 12:42:23	2986	110	115	34.67	32.23	1	0	
2010-08-22 12:42:24	2986	113	115	34.18	31.74	1	0	
2010-08-22 12:42:25	2986	111	115	63.48	32.23	0	1	
2010-08-22 12:42:25	2986	111	113	35.64	31.74	0	0	
2010-08-22 12:42:26	2987	110	113	34.67	31.74	1	0	
2010-08-22 12:42:27	2987	111	114	34.67	32.71	1	0	
2010-08-22 12:42:28	2987	111	114	34.18	30.76	1	0	
2010-08-22 12:42:29	2987	111	114	35.16	31.74	1	0	
2010-08-22 12:42:30	2987	111	114	34.67	30.76	1	0	
2010-08-22 12:42:31	2987	112	115	35.16	30.76	1	0	
2010-08-22 12:42:32	2987	111	115	34.67	31.74	1	0	
2010-08-22 12:42:33	2987	111	115	21.48	31.25	1	0	
2010-08-22 12:42:34	2987	112	115	34.18	31.74	1	0	
2010-08-22 12:42:35	2987	111	115	35.16	30.76	1	0	
2010-08-22 12:42:36	2988	112	114	25.88	32.23	1	0	
2010-08-22 12:42:37	2988	112	114	35.16	30.27	1	0	
2010-08-22 12:42:38	2988	110	114	35.16	25.39	1	0	
2010-08-22 12:42:39	2988	112	114	34.67	32.71	1	0	
2010-08-22 12:42:40	2988	111	114	35.64	31.25	1	0	
2010-08-22 12:42:41	2988	112	115	34.67	32.71	1	0	
2010-08-22 12:42:42	2988	111	115	35.16	31.25	1	0	
2010-08-22 12:42:43	2988	113	115	35.64	25.39	1	0	
2010-08-22 12:42:44	2988	112	115	34.18	32.71	1	0	
2010-08-22 12:42:45	2988	111	115	35.16	31.25	1	0	
2010-08-22 12:42:46	2989	112	113	35.16	31.74	1	0	
2010-08-22 12:42:47	2989	112	114	35.16	31.74	1	0	
2010-08-22 12:42:49	2989	111	114	34.67	32.71	1	0	
2010-08-22 12:42:50	2989	112	114	35.16	31.74	1	0	
2010-08-22 12:42:51	2989	111	114	35.64	33.20	1	0	
2010-08-22 12:42:52	2989	111	114	34.18	31.74	1	0	
2010-08-22 12:42:53	2989	112	114	34.18	31.74	1	0	
2010-08-22 12:42:54	2989	111	115	35.16	31.74	1	0	
2010-08-22 12:42:55	2989	111	115	20.02	33.20	1	0	
2010-08-22 12:42:56	2989	111	115	35.16	31.74	1	0	
2010-08-22 12:42:57	2990	112	115	34.67	32.23	1	0	
2010-08-22 12:42:58	2990	111	115	34.67	31.74	1	0	
2010-08-22 12:42:59	2990	111	115	35.64	31.74	1	0	
2010-08-22 12:43:00	2990	112	115	34.67	33.20	1	0	
2010-08-22 12:43:01	2990	112	115	35.64	31.74	1	0	
2010-08-22 12:43:02	2990	112	115	19.53	32.71	1	0	
2010-08-22 12:43:03	2990	111	115	35.16	31.74	1	0	
2010-08-22 12:43:04	2990	112	115	34.18	32.71	1	0	
2010-08-22 12:43:05	2990	112	115	34.67	31.74	1	0	
2010-08-22 12:43:06	2990	111	115	35.16	30.76	1	0	
2010-08-22 12:43:07	2991	111	113	34.67	32.23	1	0	
2010-08-22 12:43:08	2991	111	114	35.16	31.74	1	0	
2010-08-22 12:43:09	2991	112	114	34.67	33.69	1	0	
2010-08-22 12:43:10	2991	111	114	35.64	31.74	1	0	
2010-08-22 12:43:11	2991	112	114	34.67	32.71	1	0	
2010-08-22 12:43:12	2991	111	114	35.64	32.23	1	0	
2010-08-22 12:43:13	2991	111	114	35.16	31.74	1	0	
2010-08-22 12:43:14	2991	112	114	34.67	32.23	1	0	
2010-08-22 12:43:15	2991	111	114	20.02	33.20	1	0	
2010-08-22 12:43:16	2991	111	114	34.67	32.71	1	0	
2010-08-22 12:43:17	2992	111	113	33.20	32.23	1	0	
2010-08-22 12:43:18	2992	112	115	35.16	32.71	1	0	
2010-08-22 12:43:19	2992	111	115	35.64	32.23	1	0	
2010-08-22 12:43:20	2992	112	115	35.64	33.20	1	0	
2010-08-22 12:43:21	2992	111	115	35.16	33.20	1	0	
2010-08-22 12:43:22	2992	111	115	35.64	32.23	1	0	
2010-08-22 12:43:23	2992	111	115	35.16	32.71	1	0	
2010-08-22 12:43:25	2992	111	115	35.16	32.23	1	0	
2010-08-22 12:43:26	2992	113	115	35.16	33.20	1	0	
2010-08-22 12:43:27	2992	112	115	35.64	32.23	1	0	
2010-08-22 12:43:28	2993	111	114	34.67	33.20	1	0	
2010-08-22 12:43:29	2993	111	114	35.16	33.20	1	0	
2010-08-22 12:43:30	2993	112	114	35.64	33.69	1	0	
2010-08-22 12:43:31	2993	111	115	35.64	31.74	1	0	
2010-08-22 12:43:32	2993	112	115	34.67	32.71	1	0	
2010-08-22 12:43:33	2993	111	115	36.13	26.37	1	0	
2010-08-22 12:43:34	2993	110	115	35.16	32.23	1	0	
2010-08-22 12:43:35	2993	112	115	21.48	33.69	1	0	
2010-08-22 12:43:36	2993	111	115	34.67	34.18	1	0	
2010-08-22 12:43:37	2993	111	115	35.64	33.69	1	0	
2010-08-22 12:43:38	2994	111	114	35.16	32.71	1	0	
2010-08-22 12:43:39	2994	110	114	36.13	32.23	1	0	
2010-08-22 12:43:40	2994	111	114	35.64	34.18	1	0	
2010-08-22 12:43:41	2994	112	114	35.16	32.23	1	0	
2010-08-22 12:43:42	2994	112	114	35.16	33.69	1	0	
2010-08-22 12:43:43	2994	111	114	36.13	32.71	1	0	
2010-08-22 12:43:44	2994	112	114	36.13	33.69	1	0	
2010-08-22 12:43:45	2994	111	114	30.76	32.71	1	0	
2010-08-22 12:43:46	2994	111	114	35.64	33.69	1	0	
2010-08-22 12:43:47	2994	112	114	35.16	33.69	1	0	
2010-08-22 12:43:48	2995	110	114	35.16	33.20	1	0	
2010-08-22 12:43:49	2995	112	114	35.64	34.18	1	0	
2010-08-22 12:43:50	2995	111	114	36.13	32.71	1	0	
2010-08-22 12:43:51	2995	112	114	35.16	33.69	1	0	
2010-08-22 12:43:52	2995	111	114	35.64	32.23	1	0	
2010-08-22 12:43:53	2995	111	114	35.16	34.18	1	0	
2010-08-22 12:43:54	2995	111	114	36.13	32.23	1	0	
2010-08-22 12:43:55	2995	112	114	18.55	34.18	1	0	
2010-08-22 12:43:56	2995	111	114	36.13	32.23	1	0	
2010-08-22 12:43:57	2995	112	114	35.64	33.69	1	0	
2010-08-22 12:43:58	2996	111	115	35.16	32.23	1	0	
2010-08-22 12:43:59	2996	111	115	35.64	33.20	1	0	
2010-08-22 12:44:01	2996	111	115	35.16	32.71	1	0	
2010-08-22 12:44:02	2996	111	115	36.13	32.23	1	0	
2010-08-22 12:44:03	2996	112	115	35.64	34.18	1	0	
2010-08-22 12:44:04	2996	111	115	35.64	14.16	1	0	
2010-08-22 12:44:05	2996	110	115	36.13	33.69	1	0	
2010-08-22 12:44:06	2996	111	115	36.13	31.74	1	0	
2010-08-22 12:44:07	2996	111	115	35.64	32.71	1	0	
2010-08-22 12:44:08	2996	111	115	35.64	33.69	1	0	
2010-08-22 12:44:09	2997	110	113	35.16	31.74	1	0	
2010-08-22 12:44:10	2997	112	114	35.64	34.18	1	0	
2010-08-22 12:44:11	2997	111	114	35.64	33.69	1	0	
2010-08-22 12:44:12	2997	110	114	36.13	32.23	1	0	
2010-08-22 12:44:13	2997	111	114	35.16	32.71	1	0	
2010-08-22 12:44:14	2997	111	114	35.64	32.23	1	0	
2010-08-22 12:44:15	2997	111	114	35.64	27.83	1	0	
2010-08-22 12:44:16	2997	112	114	35.16	32.71	1	0	
2010-08-22 12:44:17	2997	111	114	36.13	32.71	1	0	
2010-08-22 12:44:18	2997	112	114	35.64	33.69	1	0	
2010-08-22 12:44:19	2998	112	114	35.16	34.18	1	0	
2010-08-22 12:44:20	2998	112	115	36.13	26.37	1	0	
2010-08-22 12:44:21	2998	110	115	35.16	33.69	1	0	
2010-08-22 12:44:22	2998	111	115	35.64	33.20	1	0	
2010-08-22 12:44:23	2998	112	115	36.13	32.23	1	0	
2010-08-22 12:44:24	2998	111	115	35.64	34.18	1	0	
2010-08-22 12:44:25	2998	111	115	35.64	33.69	1	0	
2010-08-22 12:44:26	2998	111	115	35.16	33.20	1	0	
2010-08-22 12:44:27	2998	111	115	22.95	33.69	1	0	
2010-08-22 12:44:28	2998	111	115	36.13	32.23	1	0	
2010-08-22 12:44:29	2999	111	114	35.64	33.20	1	0	
2010-08-22 12:44:30	2999	112	114	35.64	33.69	1	0	
2010-08-22 12:44:31	2999	110	114	36.13	29.30	1	0	
2010-08-22 12:44:32	2999	112	114	35.16	32.23	1	0	
2010-08-22 12:44:33	2999	111	114	36.13	32.23	1	0	
2010-08-22 12:44:34	2999	112	114	36.13	33.20	1	0	
2010-08-22 12:44:35	2999	112	114	36.13	32.23	1	0	
2010-08-22 12:44:37	2999	112	114	35.64	32.71	1	0	
2010-08-22 12:44:38	2999	111	114	35.64	32.71	1	0	
2010-08-22 12:44:39	2999	110	114	35.64	33.20	1	0	
2010-08-22 12:44:40	3000	111	115	35.64	33.69	1	0	
2010-08-22 12:44:41	3000	111	115	36.13	32.71	1	0	
2010-08-22 12:44:42	3000	112	115	36.62	26.37	1	0	
2010-08-22 12:44:43	3000	111	115	35.64	34.18	1	0	
2010-08-22 12:44:44	3000	110	115	36.62	32.71	1	0	
2010-08-22 12:44:45	3000	111	115	36.13	33.20	1	0	
2010-08-22 12:44:46	3000	111	115	35.64	33.20	1	0	
2010-08-22 12:44:47	3000	113	115	36.62	26.37	1	0	
2010-08-22 12:44:48	3000	112	115	35.64	32.71	1	0	
2010-08-22 12:44:49	3000	111	115	36.62	32.71	1	0	
2010-08-22 12:44:50	3001	111	113	35.64	33.20	1	0	
2010-08-22 12:44:51	3001	111	113	36.13	31.74	1	0	
2010-08-22 12:44:52	3001	112	114	35.64	33.20	1	0	
2010-08-22 12:44:53	3001	111	114	37.60	32.23	1	0	
2010-08-22 12:44:54	3001	112	114	35.16	34.18	1	0	
2010-08-22 12:44:55	3001	111	114	35.64	32.71	1	0	
2010-08-22 12:44:56	3001	111	114	35.16	33.69	1	0	
2010-08-22 12:44:57	3001	112	115	35.16	32.23	1	0	
2010-08-22 12:44:58	3001	112	115	35.64	32.71	1	0	
2010-08-22 12:44:59	3001	112	115	35.64	33.69	1	0	
2010-08-22 12:45:00	3002	110	114	35.64	32.71	1	0	
2010-08-22 12:45:01	3002	112	114	36.62	32.71	1	0	
2010-08-22 12:45:02	3002	111	114	30.27	34.18	1	0	
2010-08-22 12:45:03	3002	112	114	36.13	34.18	1	0	
2010-08-22 12:45:04	3002	111	114	35.64	33.69	1	0	
2010-08-22 12:45:05	3002	111	114	36.13	32.71	1	0	
2010-08-22 12:45:06	3002	111	114	35.64	34.18	1	0	
2010-08-22 12:45:07	3002	111	114	36.62	34.18	1	0	
2010-08-22 12:45:08	3002	111	114	36.13	34.18	1	0	
2010-08-22 12:45:09	3002	112	114	35.64	32.71	1	0	
2010-08-22 12:45:10	3003	110	114	36.62	33.20	1	0	
2010-08-22 12:45:11	3003	111	114	14.16	33.69	1	0	
2010-08-22 12:45:13	3003	112	114	35.64	32.71	1	0	
2010-08-22 12:45:14	3003	111	114	36.62	32.23	1	0	
2010-08-22 12:45:15	3003	111	114	20.02	33.20	1	0	
2010-08-22 12:45:16	3003	110	114	37.60	32.71	1	0	
2010-08-22 12:45:17	3003	112	114	36.62	32.23	1	0	
2010-08-22 12:45:18	3003	111	115	36.13	33.69	1	0	
2010-08-22 12:45:19	3003	112	115	35.64	34.18	1	0	
2010-08-22 12:45:20	3003	112	115	36.62	32.23	1	0	
2010-08-22 12:45:21	3004	111	113	35.64	33.69	1	0	
2010-08-22 12:45:22	3004	111	114	35.64	31.25	1	0	
2010-08-22 12:45:23	3004	112	114	35.64	34.18	1	0	
2010-08-22 12:45:24	3004	110	114	35.64	34.18	1	0	
2010-08-22 12:45:25	3004	111	114	36.13	31.25	1	0	
2010-08-22 12:45:26	3004	111	114	35.64	32.71	1	0	
2010-08-22 12:45:27	3004	111	114	36.62	30.76	1	0	
2010-08-22 12:45:28	3004	112	114	36.13	34.67	1	0	
2010-08-22 12:45:29	3004	111	114	36.13	33.69	1	0	
2010-08-22 12:45:30	3004	112	114	36.62	30.76	1	0	
2010-08-22 12:45:31	3005	111	114	36.13	34.18	1	0	
2010-08-22 12:45:32	3005	112	115	36.13	32.71	1	0	
2010-08-22 12:45:33	3005	112	115	36.62	26.86	1	0	
2010-08-22 12:45:34	3005	112	115	35.64	34.18	1	0	
2010-08-22 12:45:35	3005	111	115	36.62	33.20	1	0	
2010-08-22 12:45:36	3005	112	115	36.62	30.76	1	0	
2010-08-22 12:45:37	3005	111	115	35.64	34.67	1	0	
2010-08-22 12:45:38	3005	110	115	36.13	33.20	1	0	
2010-08-22 12:45:39	3005	112	115	36.62	32.71	1	0	
2010-08-22 12:45:40	3005	112	115	36.13	34.18	1	0	
2010-08-22 12:45:41	3006	112	114	36.13	33.69	1	0	
2010-08-22 12:45:42	3006	111	114	36.62	31.25	1	0	
2010-08-22 12:45:43	3006	112	115	36.13	34.18	1	0	
2010-08-22 12:45:44	3006	111	115	36.62	32.71	1	0	
2010-08-22 12:45:45	3006	111	115	36.13	34.18	1	0	
2010-08-22 12:45:46	3006	112	115	31.74	33.20	1	0	
2010-08-22 12:45:47	3006	111	115	32.23	34.67	1	0	
2010-08-22 12:45:49	3006	111	115	36.13	32.71	1	0	
2010-08-22 12:45:50	3006	111	115	36.62	34.18	1	0	
2010-08-22 12:45:51	3006	111	115	35.64	34.18	1	0	
2010-08-22 12:45:52	3007	111	114	35.64	33.20	1	0	
2010-08-22 12:45:53	3007	111	114	35.16	33.69	1	0	
2010-08-22 12:45:54	3007	112	114	35.64	33.20	1	0	
2010-08-22 12:45:55	3007	111	114	36.62	32.71	1	0	
2010-08-22 12:45:56	3007	111	114	35.64	34.18	1	0	
2010-08-22 12:45:57	3007	112	114	36.13	32.71	1	0	
2010-08-22 12:45:58	3007	111	114	36.13	34.18	1	0	
2010-08-22 12:45:59	3007	112	114	36.13	33.20	1	0	
2010-08-22 12:46:00	3007	112	114	36.13	33.69	1	0	
2010-08-22 12:46:01	3007	112	114	36.13	34.18	1	0	
2010-08-22 12:46:02	3008	111	114	36.62	33.20	1	0	
2010-08-22 12:46:03	3008	112	114	36.62	34.18	1	0	
2010-08-22 12:46:04	3008	112	114	35.64	32.71	1	0	
2010-08-22 12:46:05	3008	110	114	35.64	33.20	1	0	
2010-08-22 12:46:06	3008	112	114	36.13	33.69	1	0	
2010-08-22 12:46:07	3008	111	114	36.62	33.20	1	0	
2010-08-22 12:46:08	3008	110	114	36.62	32.23	1	0	
2010-08-22 12:46:09	3008	112	114	31.25	34.67	1	0	
2010-08-22 12:46:10	3008	110	114	36.13	33.69	1	0	
2010-08-22 12:46:11	3008	111	114	36.62	34.67	1	0	
2010-08-22 12:46:12	3009	111	114	36.13	33.69	1	0	
2010-08-22 12:46:13	3009	111	114	35.16	33.69	1	0	
2010-08-22 12:46:14	3009	111	115	37.11	27.34	1	0	
2010-08-22 12:46:15	3009	112	115	36.13	34.18	1	0	
2010-08-22 12:46:16	3009	111	115	36.62	32.71	1	0	
2010-08-22 12:46:17	3009	111	115	36.62	33.20	1	0	
2010-08-22 12:46:18	3009	110	115	36.62	34.18	1	0	
2010-08-22 12:46:19	3009	111	115	31.74	32.71	1	0	
2010-08-22 12:46:20	3009	112	115	36.62	32.23	1	0	
2010-08-22 12:46:21	3009	111	115	36.13	34.18	1	0	
2010-08-22 12:46:22	3010	111	114	35.64	32.71	1	0	
2010-08-22 12:46:23	3010	111	114	36.62	33.69	1	0	
2010-08-22 12:46:24	3010	110	114	36.13	33.69	1	0	
2010-08-22 12:46:26	3010	111	114	37.11	26.86	1	0	
2010-08-22 12:46:27	3010	111	115	35.64	34.67	1	0	
2010-08-22 12:46:28	3010	112	115	36.62	32.71	1	0	
2010-08-22 12:46:29	3010	111	115	37.11	33.20	1	0	
2010-08-22 12:46:30	3010	112	115	35.64	34.67	1	0	
2010-08-22 12:46:31	3010	111	115	11.72	34.67	1	0	
2010-08-22 12:46:32	3010	111	115	36.13	33.69	1	0	
2010-08-22 12:46:33	3011	113	114	37.11	33.20	1	0	
2010-08-22 12:46:34	3011	111	114	36.62	34.67	1	0	
2010-08-22 12:46:35	3011	112	114	37.11	32.71	1	0	
2010-08-22 12:46:36	3011	111	115	36.13	34.18	1	0	
2010-08-22 12:46:37	3011	111	115	36.13	33.69	1	0	
2010-08-22 12:46:38	3011	112	115	36.62	33.20	1	0	
2010-08-22 12:46:39	3011	111	115	36.62	33.20	1	0	
2010-08-22 12:46:40	3011	111	115	36.13	33.69	1	0	
2010-08-22 12:46:41	3011	110	115	37.11	27.83	1	0	
2010-08-22 12:46:42	3011	111	115	36.62	34.67	1	0	
2010-08-22 12:46:43	3012	111	113	37.11	33.69	1	0	
2010-08-22 12:46:44	3012	111	114	37.11	29.30	1	0	
2010-08-22 12:46:45	3012	111	114	36.62	35.16	1	0	
2010-08-22 12:46:46	3012	111	114	37.11	33.69	1	0	
2010-08-22 12:46:47	3012	111	114	36.62	35.64	1	0	
2010-08-22 12:46:48	3012	110	114	36.62	13.18	1	0	
2010-08-22 12:46:49	3012	113	114	37.11	34.18	1	0	
2010-08-22 12:46:50	3012	111	114	36.62	34.67	1	0	
2010-08-22 12:46:51	3012	111	114	37.60	31.74	1	0	
2010-08-22 12:46:52	3012	111	114	36.62	35.64	1	0	
2010-08-22 12:46:53	3013	111	114	37.11	34.67	1	0	
2010-08-22 12:46:54	3013	111	114	37.60	35.16	1	0	
2010-08-22 12:46:55	3013	111	114	37.11	34.18	1	0	
2010-08-22 12:46:56	3013	111	114	37.60	34.18	1	0	
2010-08-22 12:46:57	3013	111	114	36.13	33.69	1	0	
2010-08-22 12:46:58	3013	111	114	36.62	35.16	1	0	
2010-08-22 12:46:59	3013	112	114	36.62	35.16	1	0	
2010-08-22 12:47:00	3013	111	114	37.11	33.69	1	0	
2010-08-22 12:47:02	3013	112	114	37.11	33.20	1	0	
2010-08-22 12:47:03	3013	111	114	37.11	34.18	1	0	
2010-08-22 12:47:04	3014	110	113	36.62	35.16	1	0	
2010-08-22 12:47:05	3014	112	115	37.11	33.69	1	0	
2010-08-22 12:47:06	3014	111	115	36.62	34.18	1	0	
2010-08-22 12:47:07	3014	111	115	36.62	33.69	1	0	
2010-08-22 12:47:08	3014	111	115	36.62	35.16	1	0	
2010-08-22 12:47:09	3014	111	115	37.60	33.69	1	0	
2010-08-22 12:47:10	3014	111	115	37.11	35.16	1	0	
2010-08-22 12:47:11	3014	111	115	37.11	34.67	1	0	
2010-08-22 12:47:12	3014	110	115	37.60	33.69	1	0	
2010-08-22 12:47:13	3014	112	115	33.69	34.18	1	0	
2010-08-22 12:47:14	3015	111	114	36.62	34.18	1	0	
2010-08-22 12:47:15	3015	111	114	37.60	35.16	1	0	
2010-08-22 12:47:16	3015	110	114	36.62	34.18	1	0	
2010-08-22 12:47:17	3015	111	114	37.11	35.16	1	0	
2010-08-22 12:47:18	3015	110	114	37.60	35.16	1	0	
2010-08-22 12:47:19	3015	112	114	37.60	34.18	1	0	
2010-08-22 12:47:20	3015	112	114	37.60	34.18	1	0	
2010-08-22 12:47:21	3015	111	114	36.62	34.18	1	0	
2010-08-22 12:47:22	3015	111	114	36.62	35.16	1	0	
2010-08-22 12:47:23	3015	111	114	37.60	34.18	1	0	
2010-08-22 12:47:24	3016	111	114	36.62	35.16	1	0	
2010-08-22 12:47:25	3016	111	114	37.60	33.69	1	0	
2010-08-22 12:47:26	3016	111	114	36.62	34.18	1	0	
2010-08-22 12:47:27	3016	111	114	37.11	35.64	1	0	
2010-08-22 12:47:28	3016	112	114	36.62	35.16	1	0	
2010-08-22 12:47:29	3016	111	114	37.11	35.16	1	0	
2010-08-22 12:47:30	3016	111	114	36.62	35.64	1	0	
2010-08-22 12:47:31	3016	111	114	37.60	34.18	1	0	
2010-08-22 12:47:32	3016	112	114	37.60	33.69	1	0	
2010-08-22 12:47:33	3016	111	114	37.60	34.18	1	0	
2010-08-22 12:47:34	3017	112	114	36.62	34.67	1	0	
2010-08-22 12:47:35	3017	112	114	37.60	33.69	1	0	
2010-08-22 12:47:36	3017	111	114	37.60	34.18	1	0	
2010-08-22 12:47:38	3017	111	114	37.11	35.16	1	0	
2010-08-22 12:47:39	3017	111	114	37.11	34.18	1	0	
2010-08-22 12:47:40	3017	112	114	37.11	34.18	1	0	
2010-08-22 12:47:41	3017	111	114	37.60	33.69	1	0	
2010-08-22 12:47:42	3017	111	114	36.62	35.64	1	0	
2010-08-22 12:47:43	3017	110	114	37.60	35.16	1	0	
2010-08-22 12:47:44	3017	111	114	37.60	35.16	1	0	
2010-08-22 12:47:45	3018	112	114	37.60	33.69	1	0	
2010-08-22 12:47:46	3018	110	114	36.62	35.16	1	0	
2010-08-22 12:47:47	3018	110	114	37.11	35.16	1	0	
2010-08-22 12:47:48	3018	112	114	37.11	35.64	1	0	
2010-08-22 12:47:49	3018	111	114	36.62	35.16	1	0	
2010-08-22 12:47:50	3018	111	114	37.60	33.20	1	0	
2010-08-22 12:47:51	3018	112	114	37.60	34.18	1	0	
2010-08-22 12:47:52	3018	111	114	38.09	34.67	1	0	
2010-08-22 12:47:53	3018	112	114	38.09	34.67	1	0	
2010-08-22 12:47:54	3018	112	114	37.11	35.16	1	0	
2010-08-22 12:47:55	3019	111	114	37.60	35.64	1	0	
2010-08-22 12:47:56	3019	111	114	37.60	35.64	1	0	
2010-08-22 12:47:57	3019	111	114	38.09	35.64	1	0	
2010-08-22 12:47:58	3019	110	114	38.09	34.67	1	0	
2010-08-22 12:47:59	3019	111	114	37.11	34.18	1	0	
2010-08-22 12:48:00	3019	111	114	37.11	35.64	1	0	
2010-08-22 12:48:01	3019	112	114	37.11	34.18	1	0	
2010-08-22 12:48:02	3019	110	114	36.62	35.16	1	0	
2010-08-22 12:48:03	3019	112	114	37.60	36.13	1	0	
2010-08-22 12:48:04	3019	111	114	38.09	35.16	1	0	
2010-08-22 12:48:05	3020	110	113	25.39	35.64	1	0	
2010-08-22 12:48:06	3020	112	114	38.09	36.13	1	0	
2010-08-22 12:48:07	3020	111	114	38.09	36.13	1	0	
2010-08-22 12:48:08	3020	111	114	38.57	36.13	1	0	
2010-08-22 12:48:09	3020	112	114	35.16	34.67	1	0	
2010-08-22 12:48:10	3020	112	114	37.60	35.16	1	0	
2010-08-22 12:48:11	3020	111	114	37.60	35.64	1	0	
2010-08-22 12:48:12	3020	111	114	37.11	35.64	1	0	
2010-08-22 12:48:14	3020	112	114	37.60	33.69	1	0	
2010-08-22 12:48:15	3020	110	114	38.09	34.18	1	0	
2010-08-22 12:48:16	3021	111	113	37.11	33.20	1	0	
2010-08-22 12:48:17	3021	111	114	38.09	36.13	1	0	
2010-08-22 12:48:18	3021	111	114	38.09	35.64	1	0	
2010-08-22 12:48:19	3021	111	114	37.60	35.64	1	0	
2010-08-22 12:48:20	3021	111	114	38.09	34.67	1	0	
2010-08-22 12:48:21	3021	110	114	37.60	35.64	1	0	
2010-08-22 12:48:22	3021	112	114	38.57	36.13	1	0	
2010-08-22 12:48:23	3021	111	114	38.09	34.18	1	0	
2010-08-22 12:48:24	3021	111	114	37.11	35.16	1	0	
2010-08-22 12:48:25	3021	111	114	38.09	34.18	1	0	
2010-08-22 12:48:26	3022	111	113	37.60	34.67	1	0	
2010-08-22 12:48:27	3022	112	114	37.60	36.13	1	0	
2010-08-22 12:48:28	3022	112	114	38.09	36.13	1	0	
2010-08-22 12:48:29	3022	111	114	38.09	34.18	1	0	
2010-08-22 12:48:30	3022	110	114	37.60	34.18	1	0	
2010-08-22 12:48:31	3022	111	114	38.09	34.18	1	0	
2010-08-22 12:48:32	3022	112	114	37.60	34.18	1	0	
2010-08-22 12:48:33	3022	111	114	37.11	35.16	1	0	
2010-08-22 12:48:34	3022	110	114	37.60	35.64	1	0	
2010-08-22 12:48:35	3022	111	114	37.60	34.18	1	0	
2010-08-22 12:48:36	3023	111	114	38.09	34.18	1	0	
2010-08-22 12:48:37	3023	109	114	37.60	34.18	1	0	
2010-08-22 12:48:38	3023	111	114	37.11	35.16	1	0	
2010-08-22 12:48:39	3023	111	114	37.11	35.64	1	0	
2010-08-22 12:48:40	3023	112	114	37.60	33.69	1	0	
2010-08-22 12:48:41	3023	111	114	38.09	34.18	1	0	
2010-08-22 12:48:42	3023	111	114	38.09	34.67	1	0	
2010-08-22 12:48:43	3023	112	114	37.11	35.16	1	0	
2010-08-22 12:48:44	3023	111	114	37.60	35.16	1	0	
2010-08-22 12:48:45	3023	112	114	38.09	35.64	1	0	
2010-08-22 12:48:46	3024	111	113	37.60	35.64	1	0	
2010-08-22 12:48:47	3024	111	113	37.60	36.13	1	0	
2010-08-22 12:48:48	3024	112	114	38.09	33.69	1	0	
2010-08-22 12:48:49	3024	111	114	36.62	33.69	1	0	
2010-08-22 12:48:51	3024	110	114	19.04	34.67	1	0	
2010-08-22 12:48:52	3024	112	114	37.11	34.18	1	0	
2010-08-22 12:48:53	3024	110	114	36.62	34.18	1	0	
2010-08-22 12:48:54	3024	111	114	32.23	35.64	1	0	
2010-08-22 12:48:55	3024	113	114	38.09	33.69	1	0	
2010-08-22 12:48:56	3024	112	114	34.18	34.18	1	0	
2010-08-22 12:48:57	3025	111	114	37.11	33.69	1	0	
2010-08-22 12:48:58	3025	111	114	37.11	34.18	1	0	
2010-08-22 12:48:59	3025	111	114	32.71	35.64	1	0	
2010-08-22 12:49:00	3025	111	114	37.60	33.69	1	0	
2010-08-22 12:49:01	3025	111	114	37.60	34.18	1	0	
2010-08-22 12:49:02	3025	110	114	37.11	34.18	1	0	
2010-08-22 12:49:03	3025	112	115	37.60	33.20	1	0	
2010-08-22 12:49:04	3025	111	115	37.60	33.69	1	0	
2010-08-22 12:49:05	3025	111	115	37.60	33.20	1	0	
2010-08-22 12:49:06	3025	112	115	36.62	34.67	1	0	
2010-08-22 12:49:07	3026	111	113	37.11	35.64	1	0	
2010-08-22 12:49:08	3026	110	113	37.11	34.67	1	0	
2010-08-22 12:49:09	3026	113	113	37.11	35.16	1	0	
2010-08-22 12:49:10	3026	112	114	37.11	34.18	1	0	
2010-08-22 12:49:11	3026	112	114	37.60	33.20	1	0	
2010-08-22 12:49:12	3026	111	114	37.60	33.69	1	0	
2010-08-22 12:49:13	3026	110	114	36.62	35.16	1	0	
2010-08-22 12:49:14	3026	112	114	37.60	33.69	1	0	
2010-08-22 12:49:15	3026	112	114	37.60	34.18	1	0	
2010-08-22 12:49:16	3026	110	114	36.62	35.16	1	0	
2010-08-22 12:49:17	3027	111	113	37.60	33.20	1	0	
2010-08-22 12:49:18	3027	111	114	37.60	33.20	1	0	
2010-08-22 12:49:19	3027	111	114	36.62	32.71	1	0	
2010-08-22 12:49:20	3027	111	114	36.62	33.20	1	0	
2010-08-22 12:49:21	3027	112	114	36.62	33.69	1	0	
2010-08-22 12:49:22	3027	110	114	36.62	34.18	1	0	
2010-08-22 12:49:23	3027	111	114	36.62	34.18	1	0	
2010-08-22 12:49:24	3027	111	114	37.60	33.20	1	0	
2010-08-22 12:49:25	3027	111	114	36.62	33.69	1	0	
2010-08-22 12:49:27	3027	111	114	36.62	34.18	1	0	
2010-08-22 12:49:28	3028	112	114	37.60	34.18	1	0	
2010-08-22 12:49:29	3028	111	114	36.13	32.71	1	0	
2010-08-22 12:49:30	3028	111	114	36.62	33.69	1	0	
2010-08-22 12:49:31	3028	110	114	36.62	34.18	1	0	
2010-08-22 12:49:32	3028	111	114	36.62	34.18	1	0	
2010-08-22 12:49:33	3028	108	114	37.11	32.71	1	0	
2010-08-22 12:49:34	3028	110	114	37.60	32.71	1	0	
2010-08-22 12:49:35	3028	111	114	37.11	32.71	1	0	
2010-08-22 12:49:36	3028	112	114	36.62	34.18	1	0	
2010-08-22 12:49:37	3028	110	114	37.11	32.23	1	0	
2010-08-22 12:49:38	3029	111	113	36.13	32.71	1	0	
2010-08-22 12:49:39	3029	111	114	37.60	32.71	1	0	
2010-08-22 12:49:40	3029	109	114	37.11	33.69	1	0	
2010-08-22 12:49:41	3029	111	114	37.11	34.18	1	0	
2010-08-22 12:49:42	3029	111	114	36.62	34.67	1	0	
2010-08-22 12:49:43	3029	111	114	36.62	34.67	1	0	
2010-08-22 12:49:44	3029	111	114	37.11	33.20	1	0	
2010-08-22 12:49:45	3029	112	114	36.62	33.20	1	0	
2010-08-22 12:49:46	3029	111	114	36.62	11.23	1	0	
2010-08-22 12:49:47	3029	112	114	36.62	35.16	1	0	
2010-08-22 12:49:48	3030	111	114	37.11	33.20	1	0	
2010-08-22 12:49:49	3030	111	114	36.62	33.20	1	0	
2010-08-22 12:49:50	3030	110	114	36.62	34.18	1	0	
2010-08-22 12:49:51	3030	111	114	36.62	34.67	1	0	
2010-08-22 12:49:52	3030	111	114	36.62	34.67	1	0	
2010-08-22 12:49:53	3030	110	114	36.62	35.64	1	0	
2010-08-22 12:49:54	3030	111	114	37.11	33.20	1	0	
2010-08-22 12:49:55	3030	111	114	37.11	33.20	1	0	
2010-08-22 12:49:56	3030	111	114	36.13	34.18	1	0	
2010-08-22 12:49:57	3030	110	114	36.62	35.16	1	0	
2010-08-22 12:49:58	3031	112	113	31.74	34.67	1	0	
2010-08-22 12:49:59	3031	112	113	36.62	12.21	1	0	
2010-08-22 12:50:00	3031	111	113	36.62	34.67	1	0	
2010-08-22 12:50:01	3031	111	114	37.60	33.69	1	0	
2010-08-22 12:50:03	3031	111	114	37.60	33.20	1	0	
2010-08-22 12:50:04	3031	111	114	36.62	35.16	1	0	
2010-08-22 12:50:05	3031	111	114	36.62	35.16	1	0	
2010-08-22 12:50:06	3031	111	114	36.62	34.67	1	0	
2010-08-22 12:50:07	3031	110	114	36.62	35.16	1	0	
2010-08-22 12:50:08	3031	111	114	37.60	33.20	1	0	
2010-08-22 12:50:09	3032	111	114	36.62	33.69	1	0	
2010-08-22 12:50:10	3032	112	114	36.62	34.18	1	0	
2010-08-22 12:50:11	3032	112	114	36.62	35.16	1	0	
2010-08-22 12:50:12	3032	111	114	37.11	33.69	1	0	
2010-08-22 12:50:13	3032	110	114	36.62	33.69	1	0	
2010-08-22 12:50:14	3032	111	114	37.60	34.18	1	0	
2010-08-22 12:50:15	3032	110	114	36.13	33.69	1	0	
2010-08-22 12:50:16	3032	111	114	36.62	35.64	1	0	
2010-08-22 12:50:17	3032	110	114	36.13	35.16	1	0	
2010-08-22 12:50:18	3032	111	114	36.62	35.16	1	0	
2010-08-22 12:50:19	3033	110	113	37.60	33.69	1	0	
2010-08-22 12:50:20	3033	111	113	36.62	35.16	1	0	
2010-08-22 12:50:21	3033	111	114	37.11	35.16	1	0	
2010-08-22 12:50:22	3033	111	114	37.11	33.69	1	0	
2010-08-22 12:50:23	3033	110	114	36.62	34.18	1	0	
2010-08-22 12:50:24	3033	111	114	37.11	35.64	1	0	
2010-08-22 12:50:25	3033	111	114	36.62	35.16	1	0	
2010-08-22 12:50:26	3033	110	114	37.60	33.69	1	0	
2010-08-22 12:50:27	3033	111	114	36.62	33.69	1	0	
2010-08-22 12:50:28	3033	111	114	36.13	34.18	1	0	
2010-08-22 12:50:29	3034	111	114	36.62	35.16	1	0	
2010-08-22 12:50:30	3034	111	114	37.60	35.64	1	0	
2010-08-22 12:50:31	3034	111	114	37.60	33.69	1	0	
2010-08-22 12:50:32	3034	110	114	37.11	33.69	1	0	
2010-08-22 12:50:33	3034	111	114	37.60	34.18	1	0	
2010-08-22 12:50:34	3034	110	114	36.62	33.69	1	0	
2010-08-22 12:50:35	3034	111	114	36.13	35.64	1	0	
2010-08-22 12:50:36	3034	111	114	36.62	35.64	1	0	
2010-08-22 12:50:37	3034	110	114	37.60	33.69	1	0	
2010-08-22 12:50:39	3034	112	114	36.62	34.67	1	0	
2010-08-22 12:50:40	3035	111	114	37.60	33.69	1	0	
2010-08-22 12:50:41	3035	112	114	37.60	34.18	1	0	
2010-08-22 12:50:42	3035	111	114	37.60	33.69	1	0	
2010-08-22 12:50:43	3035	111	114	36.62	34.67	1	0	
2010-08-22 12:50:44	3035	111	114	36.62	34.67	1	0	
2010-08-22 12:50:45	3035	111	114	37.11	35.64	1	0	
2010-08-22 12:50:46	3035	110	114	36.62	34.18	1	0	
2010-08-22 12:50:47	3035	112	114	37.11	35.16	1	0	
2010-08-22 12:50:48	3035	111	114	36.62	35.16	1	0	
2010-08-22 12:50:49	3035	112	114	37.11	35.16	1	0	
2010-08-22 12:50:50	3036	110	113	37.11	33.69	1	0	
2010-08-22 12:50:51	3036	109	113	37.60	33.69	1	0	
2010-08-22 12:50:52	3036	111	114	36.62	33.69	1	0	
2010-08-22 12:50:53	3036	111	114	36.62	33.69	1	0	
2010-08-22 12:50:54	3036	111	114	37.11	34.67	1	0	
2010-08-22 12:50:55	3036	111	114	36.62	33.20	1	0	
2010-08-22 12:50:56	3036	111	114	36.62	33.69	1	0	
2010-08-22 12:50:57	3036	111	114	36.62	34.67	1	0	
2010-08-22 12:50:58	3036	111	114	37.11	33.20	1	0	
2010-08-22 12:50:59	3036	111	114	37.11	33.69	1	0	
2010-08-22 12:51:00	3037	111	114	36.13	35.16	1	0	
2010-08-22 12:51:01	3037	110	114	37.11	33.20	1	0	
2010-08-22 12:51:02	3037	111	114	36.62	34.18	1	0	
2010-08-22 12:51:03	3037	110	114	37.11	32.71	1	0	
2010-08-22 12:51:04	3037	111	114	36.62	33.20	1	0	
2010-08-22 12:51:05	3037	111	114	36.62	34.67	1	0	
2010-08-22 12:51:06	3037	111	114	37.60	34.67	1	0	
2010-08-22 12:51:07	3037	112	114	37.11	34.67	1	0	
2010-08-22 12:51:08	3037	111	114	37.11	33.20	1	0	
2010-08-22 12:51:09	3037	110	114	36.62	34.67	1	0	
2010-08-22 12:51:10	3038	111	114	37.11	32.71	1	0	
2010-08-22 12:51:11	3038	111	114	37.11	32.71	1	0	
2010-08-22 12:51:12	3038	111	114	36.62	33.69	1	0	
2010-08-22 12:51:13	3038	110	114	36.13	34.67	1	0	
2010-08-22 12:51:15	3038	112	115	36.13	34.67	1	0	
2010-08-22 12:51:16	3038	111	115	37.11	32.71	1	0	
2010-08-22 12:51:17	3038	111	115	36.62	34.67	1	0	
2010-08-22 12:51:18	3038	111	115	36.62	34.67	1	0	
2010-08-22 12:51:19	3038	111	115	36.62	34.18	1	0	
2010-08-22 12:51:20	3038	111	115	37.11	34.67	1	0	
2010-08-22 12:51:21	3039	111	114	36.62	34.67	1	0	
2010-08-22 12:51:22	3039	111	114	36.62	34.67	1	0	
2010-08-22 12:51:23	3039	111	114	36.62	34.67	1	0	
2010-08-22 12:51:24	3039	111	114	36.13	33.69	1	0	
2010-08-22 12:51:25	3039	110	114	37.11	35.16	1	0	
2010-08-22 12:51:26	3039	111	114	37.60	29.79	1	0	
2010-08-22 12:51:27	3039	111	114	37.11	33.20	1	0	
2010-08-22 12:51:28	3039	111	114	37.11	33.20	1	0	
2010-08-22 12:51:29	3039	112	114	36.62	34.18	1	0	
2010-08-22 12:51:30	3039	111	114	36.62	34.67	1	0	
2010-08-22 12:51:31	3040	110	114	36.62	34.18	1	0	
2010-08-22 12:51:32	3040	111	114	36.13	29.30	1	0	
2010-08-22 12:51:33	3040	110	114	36.62	34.18	1	0	
2010-08-22 12:51:34	3040	110	114	35.64	34.67	1	0	
2010-08-22 12:51:35	3040	111	114	37.11	33.20	1	0	
2010-08-22 12:51:36	3040	110	114	36.62	35.16	1	0	
2010-08-22 12:51:37	3040	111	114	36.62	34.67	1	0	
2010-08-22 12:51:38	3040	112	114	36.13	34.67	1	0	
2010-08-22 12:51:39	3040	110	114	37.11	34.18	1	0	
2010-08-22 12:51:40	3040	111	114	37.60	33.20	1	0	
2010-08-22 12:51:41	3041	111	114	36.62	34.18	1	0	
2010-08-22 12:51:42	3041	110	114	36.62	34.67	1	0	
2010-08-22 12:51:43	3041	112	114	36.62	34.67	1	0	
2010-08-22 12:51:44	3041	111	115	37.11	33.20	1	0	
2010-08-22 12:51:45	3041	110	115	37.11	33.20	1	0	
2010-08-22 12:51:46	3041	111	115	37.11	33.20	1	0	
2010-08-22 12:51:47	3041	110	115	37.11	34.67	1	0	
2010-08-22 12:51:48	3041	111	115	37.60	33.69	1	0	
2010-08-22 12:51:49	3041	112	115	37.11	33.20	1	0	
2010-08-22 12:51:50	3041	112	115	37.11	33.69	1	0	
2010-08-22 12:51:52	3042	112	114	36.13	34.67	1	0	
2010-08-22 12:51:53	3042	111	114	37.11	33.69	1	0	
2010-08-22 12:51:54	3042	111	114	36.62	34.18	1	0	
2010-08-22 12:51:55	3042	111	114	36.62	34.18	1	0	
2010-08-22 12:51:56	3042	112	114	36.13	34.67	1	0	
2010-08-22 12:51:57	3042	111	114	37.60	35.16	1	0	
2010-08-22 12:51:58	3042	111	114	37.60	33.69	1	0	
2010-08-22 12:51:59	3042	111	114	36.62	34.18	1	0	
2010-08-22 12:52:00	3042	111	114	36.13	35.16	1	0	
2010-08-22 12:52:01	3042	111	114	37.11	34.67	1	0	
2010-08-22 12:52:02	3043	112	114	37.11	33.69	1	0	
2010-08-22 12:52:03	3043	111	114	36.13	35.16	1	0	
2010-08-22 12:52:04	3043	111	114	37.60	35.16	1	0	
2010-08-22 12:52:05	3043	110	114	37.60	33.20	1	0	
2010-08-22 12:52:06	3043	110	114	36.62	33.20	1	0	
2010-08-22 12:52:07	3043	110	114	15.14	35.16	1	0	
2010-08-22 12:52:08	3043	111	114	37.11	35.16	1	0	
2010-08-22 12:52:09	3043	111	114	37.11	33.69	1	0	
2010-08-22 12:52:10	3043	112	115	36.62	34.18	1	0	
2010-08-22 12:52:11	3043	111	115	37.11	34.67	1	0	
2010-08-22 12:52:12	3044	111	113	36.62	33.20	1	0	
2010-08-22 12:52:13	3044	110	114	36.62	35.16	1	0	
2010-08-22 12:52:14	3044	112	114	37.11	35.16	1	0	
2010-08-22 12:52:15	3044	111	114	38.09	33.20	1	0	
2010-08-22 12:52:16	3044	111	114	37.60	33.20	1	0	
2010-08-22 12:52:17	3044	111	114	36.62	33.69	1	0	
2010-08-22 12:52:18	3044	113	115	36.62	34.18	1	0	
2010-08-22 12:52:19	3044	111	115	36.62	34.67	1	0	
2010-08-22 12:52:20	3044	111	115	37.60	34.67	1	0	
2010-08-22 12:52:21	3044	112	115	36.62	33.69	1	0	
2010-08-22 12:52:22	3045	112	114	37.60	35.16	1	0	
2010-08-22 12:52:23	3045	110	114	36.62	34.18	1	0	
2010-08-22 12:52:24	3045	111	114	37.11	33.69	1	0	
2010-08-22 12:52:25	3045	111	114	37.11	33.69	1	0	
2010-08-22 12:52:26	3045	111	114	37.11	35.16	1	0	
2010-08-22 12:52:28	3045	111	114	36.62	35.16	1	0	
2010-08-22 12:52:29	3045	110	114	36.62	35.16	1	0	
2010-08-22 12:52:30	3045	111	114	37.60	33.69	1	0	
2010-08-22 12:52:31	3045	111	115	37.11	33.69	1	0	
2010-08-22 12:52:32	3045	111	115	37.11	35.16	1	0	
2010-08-22 12:52:33	3046	111	115	37.11	35.64	1	0	
2010-08-22 12:52:34	3046	111	115	37.60	33.69	1	0	
2010-08-22 12:52:35	3046	111	115	37.60	34.18	1	0	
2010-08-22 12:52:36	3046	111	115	37.60	34.18	1	0	
2010-08-22 12:52:37	3046	111	115	37.60	34.18	1	0	
2010-08-22 12:52:38	3046	113	115	37.11	35.16	1	0	
2010-08-22 12:52:39	3046	111	115	37.11	35.16	1	0	
2010-08-22 12:52:40	3046	110	115	36.62	35.16	1	0	
2010-08-22 12:52:41	3046	111	115	37.11	35.64	1	0	
2010-08-22 12:52:42	3046	111	115	38.09	34.18	1	0	
2010-08-22 12:52:43	3047	111	113	38.09	34.18	1	0	
2010-08-22 12:52:44	3047	112	113	38.09	33.69	1	0	
2010-08-22 12:52:45	3047	110	114	37.60	33.69	1	0	
2010-08-22 12:52:46	3047	110	114	37.11	35.16	1	0	
2010-08-22 12:52:47	3047	112	114	37.11	35.16	1	0	
2010-08-22 12:52:48	3047	110	114	37.11	35.16	1	0	
2010-08-22 12:52:49	3047	110	114	37.60	35.64	1	0	
2010-08-22 12:52:50	3047	111	114	37.11	35.64	1	0	
2010-08-22 12:52:51	3047	111	114	37.11	35.16	1	0	
2010-08-22 12:52:52	3047	111	114	22.46	35.64	1	0	
2010-08-22 12:52:53	3048	110	113	37.11	35.16	1	0	
2010-08-22 12:52:54	3048	111	114	37.60	34.67	1	0	
2010-08-22 12:52:55	3048	111	114	37.60	35.64	1	0	
2010-08-22 12:52:56	3048	110	114	37.60	35.16	1	0	
2010-08-22 12:52:57	3048	112	114	31.25	34.18	1	0	
2010-08-22 12:52:58	3048	111	114	37.60	35.64	1	0	
2010-08-22 12:52:59	3048	111	114	37.60	35.16	1	0	
2010-08-22 12:53:00	3048	111	114	37.11	35.16	1	0	
2010-08-22 12:53:01	3048	111	114	38.09	34.18	1	0	
2010-08-22 12:53:02	3048	112	114	37.11	33.69	1	0	
2010-08-22 12:53:03	3049	111	112	118.16	35.16	0	1	CELL TEMPERATURE THRESHOLD EXCEEDED
2010-08-22 12:53:04	3049	110	114	38.09	35.64	0	0	
2010-08-22 12:53:04	3050	109	110	220.21	35.64	0	1	CELL TEMPERATURE THRESHOLD EXCEEDED
2010-08-22 12:53:05	3050	111	113	38.09	35.64	0	0	
2010-08-22 12:53:05	3051	110	115	71.29	34.18	0	1	
2010-08-22 12:53:06	3051	111	113	38.09	35.16	0	0	
2010-08-22 12:53:06	3052	111	111	37.60	87.40	0	1	MOSFET TEMPERATURE THRESHOLD EXCEEDED
2010-08-22 12:53:07	3052	111	114	38.09	35.64	0	0	
2010-08-22 12:53:07	3053	110	112	104.00	34.67	0	1	CELL TEMPERATURE THRESHOLD EXCEEDED
2010-08-22 12:53:08	3053	111	113	38.09	35.64	0	0	
2010-08-22 12:53:08	3054	111	112	89.36	33.69	0	1	CELL TEMPERATURE THRESHOLD EXCEEDED
2010-08-22 12:53:09	3054	113	113	38.09	34.67	0	0	
2010-08-22 12:53:10	3055	112	114	37.60	35.16	1	0	
2010-08-22 12:53:11	3055	110	114	38.09	33.69	1	0	
2010-08-22 12:53:12	3055	111	114	37.60	35.16	1	0	
2010-08-22 12:53:13	3055	111	114	37.60	35.16	1	0	
2010-08-22 12:53:14	3055	110	114	38.09	33.20	1	0	
2010-08-22 12:53:15	3055	112	114	38.09	33.20	1	0	
2010-08-22 12:53:16	3055	110	114	37.60	34.67	1	0	
2010-08-22 12:53:17	3055	111	114	37.11	34.18	1	0	
2010-08-22 12:53:18	3055	111	114	38.09	23.93	1	0	
2010-08-22 12:53:19	3055	110	114	37.60	34.18	1	0	
2010-08-22 12:53:20	3056	111	113	37.60	32.71	1	0	
2010-08-22 12:53:21	3056	111	114	35.64	33.20	1	0	
2010-08-22 12:53:22	3056	110	114	37.60	34.67	1	0	
2010-08-22 12:53:23	3056	111	115	38.09	33.69	1	0	
2010-08-22 12:53:24	3056	110	115	38.09	34.18	1	0	
2010-08-22 12:53:25	3056	111	115	37.60	34.18	1	0	
2010-08-22 12:53:26	3056	111	115	38.09	32.23	1	0	
2010-08-22 12:53:27	3056	111	115	38.09	34.18	1	0	
2010-08-22 12:53:28	3056	111	115	37.60	34.18	1	0	
2010-08-22 12:53:30	3056	112	115	37.60	33.69	1	0	
2010-08-22 12:53:31	3057	111	114	37.11	34.18	1	0	
2010-08-22 12:53:32	3057	112	114	37.60	33.20	1	0	
2010-08-22 12:53:33	3057	112	114	38.09	32.71	1	0	
2010-08-22 12:53:34	3057	111	114	36.62	32.23	1	0	
2010-08-22 12:53:35	3057	111	114	37.60	14.16	1	0	
2010-08-22 12:53:36	3057	111	114	37.60	32.71	1	0	
2010-08-22 12:53:37	3057	111	114	37.60	33.20	1	0	
2010-08-22 12:53:38	3057	111	114	38.09	32.71	1	0	
2010-08-22 12:53:39	3057	110	114	37.11	32.23	1	0	
2010-08-22 12:53:40	3057	112	114	38.09	32.23	1	0	
2010-08-22 12:53:41	3058	112	114	37.11	34.18	1	0	
2010-08-22 12:53:42	3058	111	114	38.09	32.23	1	0	
2010-08-22 12:53:43	3058	112	114	38.09	33.20	1	0	
2010-08-22 12:53:44	3058	112	115	37.11	34.18	1	0	
2010-08-22 12:53:45	3058	111	115	37.11	8.30	1	0	
2010-08-22 12:53:46	3058	111	115	37.11	34.18	1	0	
2010-08-22 12:53:47	3058	110	115	38.09	33.20	1	0	
2010-08-22 12:53:48	3058	111	115	37.60	34.18	1	0	
2010-08-22 12:53:49	3058	112	115	37.11	32.71	1	0	
2010-08-22 12:53:50	3058	110	115	37.60	34.67	1	0	
2010-08-22 12:53:51	3059	112	114	38.09	33.20	1	0	
2010-08-22 12:53:52	3059	111	114	37.60	33.20	1	0	
2010-08-22 12:53:53	3059	111	115	25.39	34.18	1	0	
2010-08-22 12:53:54	3059	110	115	26.37	34.18	1	0	
2010-08-22 12:53:55	3059	112	115	23.44	34.67	1	0	
2010-08-22 12:53:56	3059	111	115	37.11	33.20	1	0	
2010-08-22 12:53:57	3059	112	115	37.11	34.18	1	0	
2010-08-22 12:53:58	3059	110	115	38.09	33.20	1	0	
2010-08-22 12:53:59	3059	111	115	38.09	33.20	1	0	
2010-08-22 12:54:00	3059	111	115	38.09	33.20	1	0	
2010-08-22 12:54:01	3060	111	114	37.60	33.20	1	0	
2010-08-22 12:54:02	3060	111	114	37.60	34.18	1	0	
2010-08-22 12:54:03	3060	111	114	38.09	33.69	1	0	
2010-08-22 12:54:04	3060	111	114	32.23	33.69	1	0	
2010-08-22 12:54:06	3060	112	114	37.60	34.18	1	0	
2010-08-22 12:54:07	3060	111	114	37.60	33.69	1	0	
2010-08-22 12:54:08	3060	110	114	38.57	34.67	1	0	
2010-08-22 12:54:09	3060	111	114	37.60	33.20	1	0	
2010-08-22 12:54:10	3060	111	114	38.09	33.20	1	0	
2010-08-22 12:54:11	3060	111	114	37.60	34.67	1	0	
2010-08-22 12:54:12	3061	112	114	37.60	32.71	1	0	
2010-08-22 12:54:13	3061	111	114	37.11	34.67	1	0	
2010-08-22 12:54:14	3061	111	114	37.11	34.67	1	0	
2010-08-22 12:54:15	3061	110	114	37.11	34.18	1	0	
2010-08-22 12:54:16	3061	111	114	38.09	33.20	1	0	
2010-08-22 12:54:17	3061	110	114	37.11	34.67	1	0	
2010-08-22 12:54:18	3061	113	114	37.60	35.16	1	0	
2010-08-22 12:54:19	3061	111	114	37.11	35.16	1	0	
2010-08-22 12:54:20	3061	110	114	37.11	30.76	1	0	
2010-08-22 12:54:21	3061	111	114	37.11	34.67	1	0	
2010-08-22 12:54:22	3062	109	113	38.09	33.69	1	0	
2010-08-22 12:54:23	3062	112	114	38.09	33.69	1	0	
2010-08-22 12:54:24	3062	111	114	35.64	33.69	1	0	
2010-08-22 12:54:25	3062	111	114	37.11	35.16	1	0	
2010-08-22 12:54:26	3062	111	114	37.60	33.69	1	0	
2010-08-22 12:54:27	3062	111	115	38.09	33.69	1	0	
2010-08-22 12:54:28	3062	111	115	38.09	34.18	1	0	
2010-08-22 12:54:29	3062	111	115	36.62	34.18	1	0	
2010-08-22 12:54:30	3062	111	115	37.11	33.69	1	0	
2010-08-22 12:54:31	3062	111	115	37.11	34.18	1	0	
2010-08-22 12:54:32	3063	111	114	38.09	33.69	1	0	
2010-08-22 12:54:33	3063	112	114	37.11	34.67	1	0	
2010-08-22 12:54:34	3063	111	114	37.60	31.25	1	0	
2010-08-22 12:54:35	3063	111	114	38.09	34.18	1	0	
2010-08-22 12:54:36	3063	110	114	37.60	34.18	1	0	
2010-08-22 12:54:37	3063	112	114	35.64	34.18	1	0	
2010-08-22 12:54:38	3063	112	114	38.09	34.18	1	0	
2010-08-22 12:54:39	3063	112	114	37.11	35.16	1	0	
2010-08-22 12:54:40	3063	112	115	37.11	34.18	1	0	
2010-08-22 12:54:42	3063	111	115	38.09	35.16	1	0	
2010-08-22 12:54:43	3064	111	114	37.60	34.18	1	0	
2010-08-22 12:54:44	3064	110	114	37.11	35.16	1	0	
2010-08-22 12:54:45	3064	112	114	38.09	34.67	1	0	
2010-08-22 12:54:46	3064	111	114	37.11	35.16	1	0	
2010-08-22 12:54:47	3064	113	114	37.11	35.64	1	0	
2010-08-22 12:54:48	3064	111	114	38.09	34.18	1	0	
2010-08-22 12:54:49	3064	112	114	37.11	35.64	1	0	
2010-08-22 12:54:50	3064	111	114	37.11	35.16	1	0	
2010-08-22 12:54:51	3064	111	114	37.60	36.13	1	0	
2010-08-22 12:54:52	3064	111	114	38.09	34.18	1	0	
2010-08-22 12:54:53	3065	111	114	38.57	34.67	1	0	
2010-08-22 12:54:54	3065	111	114	35.64	34.67	1	0	
2010-08-22 12:54:55	3065	111	114	37.11	31.25	1	0	
2010-08-22 12:54:56	3065	111	114	38.09	34.67	1	0	
2010-08-22 12:54:57	3065	110	114	37.60	35.16	1	0	
2010-08-22 12:54:58	3065	110	114	36.62	34.67	1	0	
2010-08-22 12:54:59	3065	111	115	37.11	34.18	1	0	
2010-08-22 12:55:00	3065	110	115	37.60	34.67	1	0	
2010-08-22 12:55:01	3065	111	115	38.09	28.32	1	0	
2010-08-22 12:55:02	3065	112	115	37.60	35.64	1	0	
2010-08-22 12:55:03	3066	111	114	38.09	34.18	1	0	
2010-08-22 12:55:04	3066	110	114	37.60	34.18	1	0	
2010-08-22 12:55:05	3066	111	114	38.09	34.67	1	0	
2010-08-22 12:55:06	3066	111	114	38.09	33.20	1	0	
2010-08-22 12:55:07	3066	110	114	37.60	35.64	1	0	
2010-08-22 12:55:08	3066	111	114	37.60	35.16	1	0	
2010-08-22 12:55:09	3066	111	115	38.09	34.67	1	0	
2010-08-22 12:55:10	3066	111	115	38.09	33.69	1	0	
2010-08-22 12:55:11	3066	110	115	37.60	35.64	1	0	
2010-08-22 12:55:12	3066	111	115	37.60	35.64	1	0	
2010-08-22 12:55:13	3067	111	114	38.09	34.67	1	0	
2010-08-22 12:55:14	3067	112	114	24.41	35.64	1	0	
2010-08-22 12:55:15	3067	111	114	38.09	34.18	1	0	
2010-08-22 12:55:16	3067	111	114	37.60	35.64	1	0	
2010-08-22 12:55:18	3067	111	114	38.09	34.18	1	0	
2010-08-22 12:55:19	3067	111	114	37.60	35.16	1	0	
2010-08-22 12:55:20	3067	111	114	37.60	35.64	1	0	
2010-08-22 12:55:21	3067	112	114	38.57	33.69	1	0	
2010-08-22 12:55:22	3067	111	114	37.60	35.64	1	0	
2010-08-22 12:55:23	3067	110	114	13.18	35.16	1	0	
2010-08-22 12:55:24	3068	111	113	37.60	35.64	1	0	
2010-08-22 12:55:25	3068	111	114	23.44	35.16	1	0	
2010-08-22 12:55:26	3068	111	114	38.09	33.69	1	0	
2010-08-22 12:55:27	3068	111	114	37.60	30.76	1	0	
2010-08-22 12:55:28	3068	109	114	38.09	34.18	1	0	
2010-08-22 12:55:29	3068	111	114	37.60	35.16	1	0	
2010-08-22 12:55:30	3068	111	114	37.60	34.18	1	0	
2010-08-22 12:55:31	3068	111	114	37.60	35.64	1	0	
2010-08-22 12:55:32	3068	111	114	38.57	34.18	1	0	
2010-08-22 12:55:33	3068	112	115	32.23	34.18	1	0	
2010-08-22 12:55:34	3069	112	115	37.11	35.16	1	0	
2010-08-22 12:55:35	3069	111	115	38.09	33.69	1	0	
2010-08-22 12:55:36	3069	111	115	37.60	35.64	1	0	
2010-08-22 12:55:37	3069	111	115	38.09	34.67	1	0	
2010-08-22 12:55:38	3069	110	115	38.09	34.18	1	0	
2010-08-22 12:55:39	3069	110	115	37.60	34.18	1	0	
2010-08-22 12:55:40	3069	111	115	37.60	35.64	1	0	
2010-08-22 12:55:41	3069	111	115	37.60	35.16	1	0	
2010-08-22 12:55:42	3069	111	115	37.60	34.67	1	0	
2010-08-22 12:55:43	3069	111	115	37.60	34.18	1	0	
2010-08-22 12:55:44	3070	111	113	37.60	35.64	1	0	
2010-08-22 12:55:45	3070	111	114	38.09	34.18	1	0	
2010-08-22 12:55:46	3070	111	114	38.09	34.67	1	0	
2010-08-22 12:55:47	3070	112	114	38.09	34.18	1	0	
2010-08-22 12:55:48	3070	112	114	37.60	35.64	1	0	
2010-08-22 12:55:49	3070	111	114	38.09	34.67	1	0	
2010-08-22 12:55:50	3070	111	114	37.60	35.64	1	0	
2010-08-22 12:55:51	3070	111	114	37.60	35.64	1	0	
2010-08-22 12:55:52	3070	112	114	37.60	35.16	1	0	
2010-08-22 12:55:53	3070	111	114	38.09	35.64	1	0	
2010-08-22 12:55:55	3071	112	114	37.60	35.64	1	0	
2010-08-22 12:55:56	3071	112	115	38.09	34.18	1	0	
2010-08-22 12:55:57	3071	111	115	37.60	35.16	1	0	
2010-08-22 12:55:58	3071	112	115	37.60	35.64	1	0	
2010-08-22 12:55:59	3071	111	115	38.57	34.18	1	0	
2010-08-22 12:56:00	3071	111	115	36.62	34.18	1	0	
2010-08-22 12:56:01	3071	110	115	36.62	36.13	1	0	
2010-08-22 12:56:02	3071	112	115	37.11	34.67	1	0	
2010-08-22 12:56:03	3071	111	115	37.60	34.18	1	0	
2010-08-22 12:56:04	3071	111	115	38.09	34.67	1	0	
2010-08-22 12:56:05	3072	111	114	37.60	35.64	1	0	
2010-08-22 12:56:06	3072	111	114	39.06	34.67	1	0	
2010-08-22 12:56:07	3072	111	114	38.09	35.64	1	0	
2010-08-22 12:56:08	3072	111	114	38.09	34.18	1	0	
2010-08-22 12:56:09	3072	112	114	38.09	35.64	1	0	
2010-08-22 12:56:10	3072	110	114	37.11	33.69	1	0	
2010-08-22 12:56:11	3072	112	114	38.57	33.69	1	0	
2010-08-22 12:56:12	3072	111	114	38.09	34.18	1	0	
2010-08-22 12:56:13	3072	111	114	38.09	35.64	1	0	
2010-08-22 12:56:14	3072	112	114	37.60	35.16	1	0	
2010-08-22 12:56:15	3073	112	114	38.57	34.18	1	0	
2010-08-22 12:56:16	3073	111	114	37.60	34.18	1	0	
2010-08-22 12:56:17	3073	110	114	37.11	31.25	1	0	
2010-08-22 12:56:18	3073	111	114	37.60	35.16	1	0	
2010-08-22 12:56:19	3073	112	114	38.09	34.18	1	0	
2010-08-22 12:56:20	3073	111	114	37.60	34.18	1	0	
2010-08-22 12:56:21	3073	111	114	38.09	34.18	1	0	
2010-08-22 12:56:22	3073	111	115	37.60	35.64	1	0	
2010-08-22 12:56:23	3073	111	115	38.09	33.69	1	0	
2010-08-22 12:56:24	3073	111	115	36.62	34.18	1	0	
2010-08-22 12:56:25	3074	111	114	37.60	35.16	1	0	
2010-08-22 12:56:26	3074	113	115	38.57	34.67	1	0	
2010-08-22 12:56:27	3074	110	115	38.57	34.18	1	0	
2010-08-22 12:56:28	3074	112	115	38.57	34.67	1	0	
2010-08-22 12:56:29	3074	111	115	38.57	34.18	1	0	
2010-08-22 12:56:31	3074	110	115	37.60	35.16	1	0	
2010-08-22 12:56:32	3074	112	115	38.09	34.18	1	0	
2010-08-22 12:56:33	3074	111	115	38.09	33.69	1	0	
2010-08-22 12:56:34	3074	111	115	37.60	34.18	1	0	
2010-08-22 12:56:35	3074	112	115	37.60	16.60	1	0	
2010-08-22 12:56:36	3075	111	114	33.20	34.18	1	0	
2010-08-22 12:56:37	3075	111	114	32.71	34.18	1	0	
2010-08-22 12:56:38	3075	111	114	37.60	35.64	1	0	
2010-08-22 12:56:39	3075	111	114	37.11	11.23	1	0	
2010-08-22 12:56:40	3075	112	114	38.09	33.69	1	0	
2010-08-22 12:56:41	3075	111	114	38.09	36.13	1	0	
2010-08-22 12:56:42	3075	112	114	30.76	35.64	1	0	
2010-08-22 12:56:43	3075	112	114	37.60	35.64	1	0	
2010-08-22 12:56:44	3075	111	114	37.60	35.64	1	0	
2010-08-22 12:56:45	3075	111	114	38.09	35.16	1	0	
2010-08-22 12:56:46	3076	110	114	38.57	35.64	1	0	
2010-08-22 12:56:47	3076	112	114	37.60	35.64	1	0	
2010-08-22 12:56:48	3076	111	114	37.60	35.16	1	0	
2010-08-22 12:56:49	3076	111	114	37.11	35.64	1	0	
2010-08-22 12:56:50	3076	111	114	37.11	36.13	1	0	
2010-08-22 12:56:51	3076	111	114	38.09	36.13	1	0	
2010-08-22 12:56:52	3076	111	114	38.57	28.81	1	0	
2010-08-22 12:56:53	3076	112	114	38.57	34.18	1	0	
2010-08-22 12:56:54	3076	110	114	38.09	34.18	1	0	
2010-08-22 12:56:55	3076	111	114	37.60	34.18	1	0	
2010-08-22 12:56:56	3077	110	115	38.57	33.69	1	0	
2010-08-22 12:56:57	3077	110	115	38.09	34.18	1	0	
2010-08-22 12:56:58	3077	111	115	37.60	35.16	1	0	
2010-08-22 12:56:59	3077	109	115	37.60	34.67	1	0	
2010-08-22 12:57:00	3077	111	115	32.23	34.18	1	0	
2010-08-22 12:57:01	3077	111	115	37.11	34.18	1	0	
2010-08-22 12:57:02	3077	110	115	37.60	34.18	1	0	
2010-08-22 12:57:03	3077	112	115	38.57	35.64	1	0	
2010-08-22 12:57:04	3077	111	115	37.60	35.64	1	0	
2010-08-22 12:57:05	3077	111	115	38.09	28.32	1	0	
2010-08-22 12:57:07	3078	111	114	32.23	34.67	1	0	
2010-08-22 12:57:08	3078	111	114	38.09	34.18	1	0	
2010-08-22 12:57:09	3078	111	114	37.60	35.64	1	0	
2010-08-22 12:57:10	3078	111	114	38.09	36.13	1	0	
2010-08-22 12:57:11	3078	112	114	38.09	34.67	1	0	
2010-08-22 12:57:12	3078	110	114	38.57	36.13	1	0	
2010-08-22 12:57:13	3078	111	114	37.60	35.64	1	0	
2010-08-22 12:57:14	3078	110	114	37.60	36.13	1	0	
2010-08-22 12:57:15	3078	112	114	37.60	35.64	1	0	
2010-08-22 12:57:16	3078	110	114	38.09	34.67	1	0	
2010-08-22 12:57:17	3079	112	113	37.60	34.18	1	0	
2010-08-22 12:57:18	3079	111	114	37.60	34.67	1	0	
2010-08-22 12:57:19	3079	111	114	37.60	36.13	1	0	
2010-08-22 12:57:20	3079	111	114	38.09	34.18	1	0	
2010-08-22 12:57:21	3079	111	114	37.60	36.13	1	0	
2010-08-22 12:57:22	3079	110	114	37.60	35.16	1	0	
2010-08-22 12:57:23	3079	112	114	38.09	35.16	1	0	
2010-08-22 12:57:24	3079	111	114	38.09	34.67	1	0	
2010-08-22 12:57:25	3079	110	114	37.60	35.16	1	0	
2010-08-22 12:57:26	3079	111	114	37.60	35.16	1	0	
2010-08-22 12:57:27	3080	111	114	37.11	36.13	1	0	
2010-08-22 12:57:28	3080	111	114	37.11	35.16	1	0	
2010-08-22 12:57:29	3080	111	115	38.09	34.67	1	0	
2010-08-22 12:57:30	3080	111	115	37.60	35.64	1	0	
2010-08-22 12:57:31	3080	112	115	37.60	36.13	1	0	
2010-08-22 12:57:32	3080	110	115	38.09	35.64	1	0	
2010-08-22 12:57:33	3080	110	115	37.11	35.64	1	0	
2010-08-22 12:57:34	3080	111	115	37.60	36.13	1	0	
2010-08-22 12:57:35	3080	110	115	37.60	35.16	1	0	
2010-08-22 12:57:36	3080	112	115	37.11	36.62	1	0	


All frequencies tested. Test finished.



*******************
* Stopped on 2010-08-22 12:57:36
* Frequency 3081
*******************

