
*******************
* Started on 2010-09-26 08:40:54
* Using start frequency 3000
*******************
* time frequency isPlaying aborting pressure cellTemperature mosfetTemperature ambientTemperature current maxPressure maxCurrent COMMENT
*******************
2010-09-26 08:40:58	2999	0	0	100	13.67	14.65	12.70	0.00	102	0.00	
2010-09-26 08:40:59	3004	1	0	100	13.67	14.65	12.21	1.17	100	1.17	
2010-09-26 08:41:00	3009	1	0	100	14.16	14.65	12.21	1.15	100	1.28	
2010-09-26 08:41:01	3014	1	0	99	14.65	15.14	13.18	1.10	100	1.19	
2010-09-26 08:41:02	3019	1	0	99	13.67	15.63	13.67	1.05	99	1.12	
2010-09-26 08:41:03	3024	1	0	99	13.67	15.14	12.70	1.12	99	1.17	
2010-09-26 08:41:04	3029	1	0	98	14.16	15.63	13.18	1.19	99	1.21	
2010-09-26 08:41:05	3034	1	0	98	13.67	14.65	14.16	1.01	98	1.19	
2010-09-26 08:41:06	3039	1	0	98	13.67	15.14	13.18	1.12	98	1.15	
2010-09-26 08:41:07	3044	1	0	98	13.67	15.14	13.67	1.05	98	1.12	
2010-09-26 08:41:08	3049	1	0	98	13.67	14.65	12.70	1.24	98	1.37	
2010-09-26 08:41:09	3054	1	0	97	13.67	14.65	12.70	1.24	98	1.38	
2010-09-26 08:41:10	3059	1	0	97	14.16	14.65	12.70	1.28	97	1.37	
2010-09-26 08:41:11	3064	1	0	97	13.67	15.14	12.70	1.28	97	1.38	
2010-09-26 08:41:12	3069	1	0	97	14.65	14.65	12.70	1.37	97	1.37	
2010-09-26 08:41:14	3074	1	0	96	13.67	14.65	12.21	1.26	97	1.37	
2010-09-26 08:41:15	3079	1	0	97	13.67	15.63	13.18	1.24	97	1.38	
2010-09-26 08:41:16	3084	1	0	96	13.67	15.14	12.21	1.19	97	1.37	
2010-09-26 08:41:17	3089	1	0	96	13.18	14.16	12.21	1.51	97	1.58	
2010-09-26 08:41:18	3094	1	0	96	13.18	14.16	12.21	1.54	96	1.63	
2010-09-26 08:41:19	3099	1	0	96	13.18	14.65	12.21	1.58	96	1.65	
2010-09-26 08:41:20	3104	1	0	96	13.18	14.16	12.21	1.42	96	1.63	
2010-09-26 08:41:21	3109	1	0	96	13.18	14.65	12.21	1.54	96	1.60	
2010-09-26 08:41:22	3114	1	0	96	13.18	14.16	12.21	1.44	96	1.65	
2010-09-26 08:41:23	3119	1	0	96	13.18	14.65	12.21	1.51	96	1.58	
2010-09-26 08:41:24	3124	1	0	95	13.18	14.65	12.21	1.49	96	1.72	
2010-09-26 08:41:25	3129	1	0	96	13.18	14.16	12.21	1.40	96	1.56	
2010-09-26 08:41:26	3134	1	0	96	12.70	14.65	12.21	1.42	96	1.53	
2010-09-26 08:41:27	3139	1	0	95	13.18	14.65	11.72	1.54	96	1.54	
2010-09-26 08:41:28	3144	1	0	95	13.18	14.16	12.21	1.49	95	1.63	
2010-09-26 08:41:29	3149	1	0	95	13.18	14.65	12.21	1.54	95	1.67	
2010-09-26 08:41:30	3154	1	0	95	13.18	14.65	12.21	1.53	96	1.63	
2010-09-26 08:41:31	3159	1	0	95	13.18	14.65	12.21	1.60	95	1.69	
2010-09-26 08:41:32	3164	1	0	95	13.18	14.16	12.21	1.58	95	1.63	
2010-09-26 08:41:33	3169	1	0	95	13.18	14.65	12.21	2.18	95	2.47	
2010-09-26 08:41:35	3174	1	0	95	13.18	14.65	12.21	1.95	95	2.38	
2010-09-26 08:41:36	3179	1	0	95	13.67	15.14	12.21	1.90	95	2.36	
2010-09-26 08:41:37	3184	1	0	95	13.67	15.14	12.21	1.79	95	2.33	
2010-09-26 08:41:38	3189	1	0	95	13.18	16.11	12.70	1.88	95	2.34	
2010-09-26 08:41:39	3194	1	0	95	13.67	15.14	12.21	1.90	95	2.45	
2010-09-26 08:41:40	3199	1	0	94	14.16	14.65	13.18	1.76	95	2.13	
2010-09-26 08:41:41	3204	1	0	94	13.67	15.63	12.21	1.79	95	2.43	
2010-09-26 08:41:42	3209	1	0	94	13.18	14.65	12.21	0.67	94	1.79	
2010-09-26 08:41:43	3214	1	0	94	13.18	14.65	12.21	0.23	94	0.85	
2010-09-26 08:41:44	3219	1	0	94	13.18	14.65	12.21	0.14	94	0.25	
2010-09-26 08:41:45	3224	1	0	94	13.18	14.65	12.21	0.27	94	0.43	
2010-09-26 08:41:46	3229	1	0	94	13.18	14.65	12.21	0.27	94	0.32	
2010-09-26 08:41:47	3234	1	0	94	12.70	14.65	12.21	0.30	94	0.36	
2010-09-26 08:41:48	3239	1	0	94	13.18	14.65	12.21	0.46	94	0.44	
2010-09-26 08:41:49	3244	1	0	94	13.18	14.65	12.21	0.39	94	0.53	
2010-09-26 08:41:50	3249	1	0	93	12.70	14.65	12.21	0.32	94	0.87	
2010-09-26 08:41:51	3254	1	0	93	12.70	14.65	12.21	0.27	94	0.59	
2010-09-26 08:41:52	3259	1	0	93	12.70	14.16	12.21	0.83	93	0.98	
2010-09-26 08:41:53	3264	1	0	93	12.21	14.16	12.21	0.85	93	0.94	
2010-09-26 08:41:55	3269	1	0	93	12.70	14.65	12.21	0.82	93	0.98	
2010-09-26 08:41:56	3274	1	0	93	12.21	14.65	12.21	0.78	93	0.91	
2010-09-26 08:41:57	3279	1	0	93	12.21	14.65	12.21	0.75	93	0.91	
2010-09-26 08:41:58	3284	1	0	93	12.21	14.65	12.21	0.76	93	0.94	
2010-09-26 08:41:59	3289	1	0	93	12.70	14.65	12.21	0.75	93	0.96	
2010-09-26 08:42:00	3294	1	0	93	13.18	14.65	12.21	0.98	93	1.17	
2010-09-26 08:42:01	3299	1	0	93	12.70	14.65	12.21	1.14	93	1.23	
2010-09-26 08:42:02	3304	1	0	93	13.18	14.65	12.21	1.17	93	1.23	
2010-09-26 08:42:03	3309	1	0	93	13.18	14.65	12.21	1.19	93	1.21	
2010-09-26 08:42:04	3314	1	0	93	12.70	14.65	12.21	1.08	93	1.21	
2010-09-26 08:42:05	3319	1	0	93	12.70	14.65	12.21	1.14	93	1.23	
2010-09-26 08:42:06	3324	1	0	93	12.70	14.65	12.21	1.15	93	1.23	
2010-09-26 08:42:07	3329	1	0	93	13.18	14.65	12.21	1.24	93	1.28	
2010-09-26 08:42:08	3334	1	0	93	13.18	15.14	12.21	1.28	93	1.33	
2010-09-26 08:42:09	3339	1	0	93	13.18	15.14	11.72	1.26	93	1.33	
2010-09-26 08:42:10	3344	1	0	93	13.18	15.14	11.72	1.37	93	1.38	
2010-09-26 08:42:11	3349	1	0	93	13.67	15.14	12.21	1.23	93	1.38	
2010-09-26 08:42:12	3354	1	0	92	13.18	15.14	12.21	1.23	93	1.35	
2010-09-26 08:42:13	3359	1	0	92	13.18	15.63	12.21	1.37	92	1.37	
2010-09-26 08:42:15	3364	1	0	92	13.18	15.14	12.21	1.33	92	1.42	
2010-09-26 08:42:16	3369	1	0	92	13.18	15.14	11.72	1.35	92	1.37	
2010-09-26 08:42:17	3374	1	0	92	13.67	15.14	12.21	1.26	92	1.40	
2010-09-26 08:42:18	3379	1	0	92	13.18	15.14	12.21	1.51	92	1.60	
2010-09-26 08:42:19	3384	1	0	92	13.18	15.14	12.21	1.46	92	1.58	
2010-09-26 08:42:20	3389	1	0	92	13.18	14.65	12.21	1.47	92	1.60	
2010-09-26 08:42:21	3394	1	0	92	13.18	15.14	12.21	1.53	92	1.60	
2010-09-26 08:42:22	3399	1	0	92	12.70	15.63	11.72	1.47	92	1.69	
2010-09-26 08:42:23	3404	1	0	92	12.70	15.14	12.21	1.54	92	1.65	
2010-09-26 08:42:24	3409	1	0	92	13.18	14.65	12.21	1.46	92	1.60	
2010-09-26 08:42:25	3414	1	0	92	12.70	15.14	12.21	1.51	92	1.60	
2010-09-26 08:42:26	3419	1	0	92	13.18	15.63	12.70	1.49	92	1.63	
2010-09-26 08:42:27	3424	1	0	92	13.18	15.14	12.21	1.56	92	1.67	
2010-09-26 08:42:28	3429	1	0	92	12.70	15.14	11.72	1.42	92	1.63	
2010-09-26 08:42:29	3434	1	0	92	12.21	14.65	11.72	1.53	92	1.58	
2010-09-26 08:42:30	3439	1	0	91	12.70	14.65	11.72	1.49	92	1.51	
2010-09-26 08:42:31	3444	1	0	91	12.70	14.65	11.72	1.46	92	1.58	
2010-09-26 08:42:32	3449	1	0	91	11.72	15.14	11.72	1.46	92	1.58	
2010-09-26 08:42:33	3454	1	0	92	12.70	15.14	11.72	1.46	92	1.62	
2010-09-26 08:42:34	3459	1	0	92	12.21	14.16	11.72	1.35	92	1.56	
2010-09-26 08:42:36	3464	1	0	92	12.21	14.65	11.72	1.30	92	1.47	
2010-09-26 08:42:37	3469	1	0	92	12.70	14.16	11.72	1.33	92	1.49	
2010-09-26 08:42:38	3474	1	0	92	12.70	15.63	11.23	1.95	92	2.34	
2010-09-26 08:42:39	3479	1	0	92	12.70	15.14	11.72	2.20	92	2.18	
2010-09-26 08:42:40	3484	1	0	91	13.18	15.14	12.21	1.67	92	2.20	
2010-09-26 08:42:41	3489	1	0	92	12.70	16.11	11.72	1.67	92	2.02	
2010-09-26 08:42:42	3494	1	0	91	12.70	15.63	11.72	1.76	92	2.31	
2010-09-26 08:42:43	3499	1	0	91	13.18	15.63	12.21	1.72	92	2.04	
2010-09-26 08:42:44	3504	1	0	91	13.18	15.63	11.72	1.63	92	2.17	
2010-09-26 08:42:45	3509	1	0	91	12.21	16.11	11.72	1.56	92	2.15	
2010-09-26 08:42:46	3514	1	0	91	13.18	15.63	11.72	1.62	92	2.33	
2010-09-26 08:42:47	3519	1	0	91	12.21	15.63	11.72	1.69	92	2.13	
2010-09-26 08:42:48	3524	1	0	91	13.18	16.11	12.21	0.41	91	1.69	
2010-09-26 08:42:49	3529	1	0	91	12.70	16.11	12.21	0.27	91	0.48	
2010-09-26 08:42:50	3534	1	0	91	13.18	15.63	12.21	0.28	91	0.37	
2010-09-26 08:42:51	3539	1	0	91	13.18	16.11	12.21	0.43	91	0.51	
2010-09-26 08:42:52	3544	1	0	91	12.70	16.11	12.21	0.30	91	0.50	
2010-09-26 08:42:53	3549	1	0	91	13.18	16.11	12.21	0.44	91	0.62	
2010-09-26 08:42:54	3554	1	0	91	13.18	16.11	12.21	0.21	91	0.50	
2010-09-26 08:42:55	3559	1	0	91	13.18	16.11	12.21	0.43	91	0.62	
2010-09-26 08:42:57	3564	1	0	91	13.18	16.11	12.21	0.44	91	0.53	
2010-09-26 08:42:58	3569	1	0	90	13.18	16.60	11.72	1.05	91	1.10	
2010-09-26 08:42:59	3574	1	0	90	12.70	15.63	11.72	0.98	91	1.21	
2010-09-26 08:43:00	3579	1	0	91	12.70	15.63	12.21	0.94	91	1.15	
2010-09-26 08:43:01	3584	1	0	90	13.18	16.11	12.21	0.98	91	1.14	
2010-09-26 08:43:02	3589	1	0	90	12.70	16.11	11.72	0.96	91	1.08	
2010-09-26 08:43:03	3594	1	0	90	13.18	16.11	11.72	0.82	91	1.26	
2010-09-26 08:43:04	3599	1	0	91	12.70	16.11	11.72	0.82	91	1.28	
2010-09-26 08:43:05	3604	1	0	90	12.70	16.11	11.72	0.91	91	1.23	
2010-09-26 08:43:06	3609	1	0	90	13.18	15.63	12.21	1.15	90	1.17	
2010-09-26 08:43:07	3614	1	0	90	12.70	16.11	12.21	1.12	90	1.24	
2010-09-26 08:43:08	3619	1	0	90	13.67	16.11	12.21	1.03	90	1.15	
2010-09-26 08:43:09	3624	1	0	90	13.18	16.60	12.70	1.12	91	1.12	
2010-09-26 08:43:10	3629	1	0	90	13.67	17.09	12.70	1.10	90	1.14	
2010-09-26 08:43:11	3634	1	0	90	13.18	17.58	13.18	1.10	90	1.14	
2010-09-26 08:43:12	3639	1	0	90	13.18	17.58	12.70	1.05	90	1.14	
2010-09-26 08:43:13	3644	1	0	90	13.67	17.58	13.18	1.07	90	1.14	
2010-09-26 08:43:14	3649	1	0	90	13.67	17.09	13.67	1.07	90	1.12	
2010-09-26 08:43:15	3654	1	0	90	13.67	17.58	13.18	1.01	90	1.14	
2010-09-26 08:43:17	3659	1	0	90	13.67	17.09	12.21	1.15	90	1.17	
2010-09-26 08:43:18	3664	1	0	90	13.67	17.09	13.67	1.03	90	1.17	
2010-09-26 08:43:19	3669	1	0	90	13.67	17.58	13.18	1.05	90	1.17	
2010-09-26 08:43:20	3674	1	0	90	13.18	17.09	12.70	1.15	90	1.17	
2010-09-26 08:43:21	3679	1	0	90	13.67	17.09	12.21	1.53	90	1.63	
2010-09-26 08:43:22	3684	1	0	90	13.67	17.09	12.21	1.47	90	1.51	
2010-09-26 08:43:23	3689	1	0	90	13.67	17.09	12.21	1.46	90	1.60	
2010-09-26 08:43:24	3694	1	0	90	13.67	17.09	12.21	1.42	90	1.53	
2010-09-26 08:43:25	3699	1	0	90	13.18	17.58	12.21	1.46	90	1.62	
2010-09-26 08:43:26	3704	1	0	90	13.18	17.58	12.70	1.47	90	1.54	
2010-09-26 08:43:27	3709	1	0	90	13.18	17.09	12.70	1.46	90	1.58	
2010-09-26 08:43:28	3714	1	0	90	13.67	17.58	12.21	1.37	90	1.54	
2010-09-26 08:43:29	3719	1	0	90	13.18	17.09	12.21	1.46	90	1.56	
2010-09-26 08:43:30	3724	1	0	90	13.18	17.58	12.21	1.44	90	1.47	
2010-09-26 08:43:31	3729	1	0	90	13.67	17.09	12.70	1.44	90	1.53	
2010-09-26 08:43:32	3734	1	0	90	12.70	17.09	12.21	1.62	90	1.72	
2010-09-26 08:43:33	3739	1	0	90	12.70	17.09	12.21	1.62	90	1.83	
2010-09-26 08:43:34	3744	1	0	89	12.21	17.09	12.21	1.76	90	1.81	
2010-09-26 08:43:35	3749	1	0	90	12.70	17.09	12.70	1.76	90	1.88	
2010-09-26 08:43:37	3754	1	0	89	12.70	17.09	12.70	1.70	90	1.83	
2010-09-26 08:43:38	3759	1	0	89	12.70	17.09	12.21	1.79	90	1.83	
2010-09-26 08:43:39	3764	1	0	90	12.70	17.09	12.21	1.58	90	1.88	
2010-09-26 08:43:40	3769	1	0	90	12.70	17.09	12.21	1.69	90	1.72	
2010-09-26 08:43:41	3774	1	0	90	12.21	16.60	11.72	1.76	90	1.86	
2010-09-26 08:43:42	3779	1	0	90	12.70	17.09	12.21	1.69	90	1.94	
2010-09-26 08:43:43	3784	1	0	90	13.18	17.58	12.70	1.65	90	1.81	
2010-09-26 08:43:44	3789	1	0	90	14.65	17.58	13.67	2.11	90	2.22	
2010-09-26 08:43:45	3794	1	0	89	13.67	18.07	12.70	2.54	90	2.54	
2010-09-26 08:43:46	3799	1	0	89	13.67	17.58	12.70	2.49	89	2.52	
2010-09-26 08:43:47	3804	1	0	89	13.67	18.07	13.67	2.40	89	2.47	
2010-09-26 08:43:48	3809	1	0	89	14.16	18.55	13.18	2.43	89	2.47	
2010-09-26 08:43:49	3814	1	0	89	13.67	18.07	13.67	2.49	89	2.52	
2010-09-26 08:43:50	3819	1	0	89	13.67	18.07	12.70	2.47	89	2.50	
2010-09-26 08:43:51	3824	1	0	89	13.67	18.07	13.18	2.38	89	2.47	
2010-09-26 08:43:52	3829	1	0	90	13.67	18.07	13.18	2.41	90	2.43	
2010-09-26 08:43:53	3834	1	0	90	14.16	19.04	13.67	2.22	90	2.57	
2010-09-26 08:43:54	3839	1	0	89	14.16	18.55	13.67	1.85	90	2.63	
2010-09-26 08:43:55	3844	1	0	89	13.67	19.04	13.67	2.20	89	2.22	
2010-09-26 08:43:56	3849	1	0	89	14.16	19.04	14.16	1.37	90	2.15	
2010-09-26 08:43:58	3854	1	0	89	14.65	19.53	13.67	1.33	90	1.33	
2010-09-26 08:43:59	3859	1	0	90	14.65	19.04	13.67	0.50	90	1.35	
2010-09-26 08:44:00	3864	1	0	89	14.65	19.53	13.67	0.80	90	0.83	
2010-09-26 08:44:01	3869	1	0	89	13.67	19.04	12.70	0.92	90	0.92	
2010-09-26 08:44:02	3874	1	0	89	13.67	19.04	13.18	0.91	90	0.94	
2010-09-26 08:44:03	3879	1	0	89	14.16	19.53	13.18	0.94	90	1.01	
2010-09-26 08:44:04	3884	1	0	89	14.16	19.53	13.67	0.53	90	1.01	
2010-09-26 08:44:05	3889	1	0	89	14.65	19.53	13.67	0.64	90	0.67	
2010-09-26 08:44:06	3894	1	0	89	13.18	19.04	13.18	0.41	89	0.82	
2010-09-26 08:44:07	3899	1	0	89	13.18	18.55	13.18	0.71	89	0.73	
2010-09-26 08:44:08	3904	1	0	89	13.67	19.53	14.16	0.50	89	0.82	
2010-09-26 08:44:09	3909	1	0	89	13.18	19.04	14.65	0.91	89	0.99	
2010-09-26 08:44:10	3914	1	0	89	13.67	18.55	13.67	0.75	89	0.96	
2010-09-26 08:44:11	3919	1	0	89	13.67	17.58	14.65	0.89	89	0.98	
2010-09-26 08:44:12	3924	1	0	89	13.18	18.55	13.67	1.07	89	1.23	
2010-09-26 08:44:13	3929	1	0	89	13.67	19.04	13.18	1.05	89	1.15	
2010-09-26 08:44:14	3934	1	0	89	13.67	19.04	13.67	0.98	89	1.17	
2010-09-26 08:44:15	3939	1	0	89	13.67	18.55	14.16	1.21	89	1.30	
2010-09-26 08:44:16	3944	1	0	89	13.67	18.55	15.14	1.23	89	1.31	
2010-09-26 08:44:17	3949	1	0	89	13.67	19.04	13.67	1.03	89	1.31	
2010-09-26 08:44:19	3954	1	0	89	13.18	19.04	13.67	1.23	89	1.37	
2010-09-26 08:44:20	3959	1	0	89	13.18	18.55	13.67	1.31	89	1.37	
2010-09-26 08:44:21	3964	1	0	89	13.67	18.55	13.67	1.30	89	1.44	
2010-09-26 08:44:22	3969	1	0	89	14.16	19.53	13.67	1.08	89	1.30	
2010-09-26 08:44:23	3974	1	0	89	14.16	19.04	14.16	1.21	89	1.28	
2010-09-26 08:44:24	3979	1	0	89	14.65	19.04	14.65	1.14	89	1.23	
2010-09-26 08:44:25	3984	1	0	89	13.67	19.53	13.67	1.26	89	1.24	
2010-09-26 08:44:26	3989	1	0	89	14.16	19.04	14.16	1.19	89	1.30	
2010-09-26 08:44:27	3994	1	0	89	13.67	19.53	13.67	1.15	89	1.28	
2010-09-26 08:44:28	3999	1	0	89	13.67	19.53	14.16	1.17	89	1.28	
2010-09-26 08:44:29	4004	1	0	89	14.16	19.53	13.67	1.28	89	1.38	
2010-09-26 08:44:30	4009	1	0	89	14.16	20.51	14.16	1.31	89	1.42	
2010-09-26 08:44:31	4014	1	0	89	13.67	18.07	13.18	1.19	89	1.35	
2010-09-26 08:44:32	4019	1	0	89	12.70	18.07	13.18	1.38	89	1.47	
2010-09-26 08:44:33	4024	1	0	89	13.67	18.55	13.18	1.44	89	1.53	
2010-09-26 08:44:34	4029	1	0	89	13.18	17.58	12.70	1.40	89	1.51	
2010-09-26 08:44:35	4034	1	0	89	13.18	18.07	13.18	1.62	89	1.69	
2010-09-26 08:44:36	4039	1	0	89	12.70	18.07	12.21	1.60	89	1.72	
2010-09-26 08:44:37	4044	1	0	89	12.70	18.07	12.70	1.54	89	1.69	
2010-09-26 08:44:38	4049	1	0	89	12.70	18.07	12.70	1.69	89	1.76	
2010-09-26 08:44:40	4054	1	0	89	12.70	18.55	12.70	1.62	89	1.76	
2010-09-26 08:44:41	4059	1	0	89	12.70	18.07	12.70	1.67	89	1.78	
2010-09-26 08:44:42	4064	1	0	89	12.70	18.07	12.70	1.79	89	1.79	
2010-09-26 08:44:43	4069	1	0	89	13.18	17.58	13.18	1.62	89	1.78	
2010-09-26 08:44:44	4074	1	0	89	12.70	18.55	13.18	1.67	89	1.74	
2010-09-26 08:44:45	4079	1	0	89	14.16	18.07	13.67	1.60	89	1.72	
2010-09-26 08:44:46	4084	1	0	89	13.18	19.04	16.11	1.69	89	1.76	
2010-09-26 08:44:47	4089	1	0	89	13.18	18.55	16.60	1.51	89	1.67	
2010-09-26 08:44:48	4094	1	0	89	14.16	18.55	15.63	1.58	89	1.76	
2010-09-26 08:44:49	4099	1	0	89	12.70	19.04	13.67	1.67	89	1.78	
2010-09-26 08:44:50	4104	1	0	89	14.16	19.04	12.70	1.62	89	1.95	
2010-09-26 08:44:51	4109	1	0	89	14.16	19.04	13.18	1.60	89	1.88	
2010-09-26 08:44:52	4114	1	0	89	13.67	20.02	12.70	1.60	89	1.85	
2010-09-26 08:44:53	4119	1	0	89	12.70	18.07	12.21	1.95	89	2.40	
2010-09-26 08:44:54	4124	1	0	89	13.18	19.53	12.21	1.88	89	2.13	
2010-09-26 08:44:55	4129	1	0	89	13.18	19.53	12.21	1.83	89	2.17	
2010-09-26 08:44:56	4134	1	0	89	13.18	19.04	12.70	2.22	89	2.25	
2010-09-26 08:44:57	4139	1	0	89	13.18	19.04	12.70	2.29	89	2.47	
2010-09-26 08:44:58	4144	1	0	89	13.18	19.04	12.21	2.27	89	2.36	
2010-09-26 08:45:00	4149	1	0	89	12.70	19.53	13.18	2.45	89	2.47	
2010-09-26 08:45:01	4154	1	0	89	13.18	18.55	12.70	2.20	89	2.34	
2010-09-26 08:45:02	4159	1	0	89	13.18	18.55	12.70	2.04	89	2.18	
2010-09-26 08:45:03	4164	1	0	89	13.67	18.55	12.70	1.94	89	1.95	
2010-09-26 08:45:04	4169	1	0	89	13.67	19.04	12.70	1.30	89	2.02	
2010-09-26 08:45:05	4174	1	0	89	13.18	19.53	13.18	1.17	89	1.33	
2010-09-26 08:45:06	4179	1	0	89	13.18	19.53	12.70	1.21	89	1.30	
2010-09-26 08:45:07	4184	1	0	89	13.18	21.48	12.70	1.23	89	1.26	
2010-09-26 08:45:08	4189	1	0	89	13.18	19.04	12.70	0.53	89	1.23	
2010-09-26 08:45:09	4194	1	0	89	13.18	19.04	12.70	0.28	89	0.64	
2010-09-26 08:45:10	4199	1	0	89	13.18	19.04	12.70	0.18	89	0.32	
2010-09-26 08:45:11	4204	1	0	89	14.65	19.53	12.70	0.21	89	0.48	
2010-09-26 08:45:12	4209	1	0	89	13.18	19.04	12.70	0.37	89	0.60	
2010-09-26 08:45:13	4214	1	0	89	13.67	19.04	12.21	0.25	89	0.57	
2010-09-26 08:45:14	4219	1	0	89	13.67	19.04	13.18	0.27	89	0.39	
2010-09-26 08:45:15	4224	1	0	89	12.70	18.55	12.70	0.67	89	1.01	
2010-09-26 08:45:16	4229	1	0	89	13.18	18.55	12.21	0.75	89	0.82	
2010-09-26 08:45:17	4234	1	0	89	13.67	19.04	12.21	0.60	89	0.91	
2010-09-26 08:45:18	4239	1	0	89	13.67	19.04	12.70	1.15	89	1.17	
2010-09-26 08:45:19	4244	1	0	89	13.67	19.04	13.18	1.12	89	1.33	
2010-09-26 08:45:21	4249	1	0	89	13.67	19.53	13.18	1.01	89	1.24	
2010-09-26 08:45:22	4254	1	0	89	13.67	20.02	12.21	0.99	89	1.21	
2010-09-26 08:45:23	4259	1	0	89	13.67	19.04	13.18	1.15	89	1.23	
2010-09-26 08:45:24	4264	1	0	89	13.18	19.53	13.18	1.23	89	1.26	
2010-09-26 08:45:25	4269	1	0	89	13.18	20.02	12.21	1.28	89	1.33	
2010-09-26 08:45:26	4274	1	0	89	15.63	19.04	12.70	1.07	89	1.31	
2010-09-26 08:45:27	4279	1	0	89	15.63	19.04	12.70	1.05	89	1.24	
2010-09-26 08:45:28	4284	1	0	89	13.18	19.04	12.70	1.10	89	1.21	
2010-09-26 08:45:29	4289	1	0	89	13.18	19.04	12.70	1.10	89	1.21	
2010-09-26 08:45:30	4294	1	0	89	13.18	19.53	12.70	1.10	89	1.21	
2010-09-26 08:45:31	4299	1	0	89	13.18	19.53	13.18	1.12	89	1.15	
2010-09-26 08:45:32	4304	1	0	89	13.18	19.04	12.70	1.10	89	1.21	
2010-09-26 08:45:33	4309	1	0	89	13.18	19.04	12.70	1.08	89	1.19	
2010-09-26 08:45:34	4314	1	0	89	13.18	19.53	13.18	1.31	89	1.42	
2010-09-26 08:45:35	4319	1	0	89	13.67	19.53	12.70	1.17	89	1.40	
2010-09-26 08:45:36	4324	1	0	89	13.18	20.02	12.70	1.15	89	1.30	
2010-09-26 08:45:37	4329	1	0	89	13.67	19.04	12.70	1.26	89	1.37	
2010-09-26 08:45:38	4334	1	0	89	13.18	19.53	12.70	1.56	89	1.56	
2010-09-26 08:45:39	4339	1	0	89	13.67	19.53	14.16	1.44	89	1.60	
2010-09-26 08:45:40	4344	1	0	89	13.18	20.02	13.67	1.42	89	1.49	
2010-09-26 08:45:42	4349	1	0	89	13.67	19.53	13.18	1.56	89	1.72	
2010-09-26 08:45:43	4354	1	0	89	13.67	19.53	12.70	1.65	89	1.72	
2010-09-26 08:45:44	4359	1	0	89	13.67	20.02	13.18	1.65	89	1.67	
2010-09-26 08:45:45	4364	1	0	89	13.18	19.53	12.70	1.53	89	1.65	
2010-09-26 08:45:46	4369	1	0	89	13.18	19.04	13.18	1.62	89	1.69	
2010-09-26 08:45:47	4374	1	0	89	13.67	19.53	13.67	1.62	89	1.70	
2010-09-26 08:45:48	4379	1	0	89	13.18	19.53	13.18	1.62	89	1.70	
2010-09-26 08:45:49	4384	1	0	89	13.18	19.53	12.70	1.54	89	1.65	
2010-09-26 08:45:50	4389	1	0	89	13.18	19.53	13.18	1.47	89	1.76	
2010-09-26 08:45:51	4394	1	0	89	13.18	20.51	13.18	1.49	89	1.67	
2010-09-26 08:45:52	4399	1	0	89	12.70	19.53	12.70	1.51	89	1.72	
2010-09-26 08:45:53	4404	1	0	89	12.21	19.53	12.21	1.60	89	1.70	
2010-09-26 08:45:54	4409	1	0	89	13.18	20.51	12.21	1.83	89	2.29	
2010-09-26 08:45:55	4414	1	0	89	13.18	19.53	13.67	1.60	89	2.01	
2010-09-26 08:45:56	4419	1	0	89	14.16	21.48	13.67	1.86	89	2.18	
2010-09-26 08:45:57	4424	1	0	89	14.16	21.00	13.67	1.70	89	2.01	
2010-09-26 08:45:58	4429	1	0	89	14.16	20.51	15.14	2.20	89	2.31	
2010-09-26 08:45:59	4434	1	0	89	14.16	21.97	14.65	2.08	89	2.29	
2010-09-26 08:46:00	4439	1	0	89	14.65	20.51	14.16	2.08	89	2.36	
2010-09-26 08:46:02	4444	1	0	89	14.65	20.51	14.65	2.13	89	2.22	
2010-09-26 08:46:03	4449	1	0	89	15.14	22.46	27.83	2.08	89	2.18	
2010-09-26 08:46:04	4454	1	0	89	14.65	24.90	28.81	2.22	89	2.24	
2010-09-26 08:46:05	4459	1	0	89	15.63	24.41	29.79	2.36	89	2.40	
2010-09-26 08:46:06	4464	1	0	89	14.65	24.90	25.88	2.34	89	2.40	
2010-09-26 08:46:07	4469	1	0	89	14.16	21.48	13.67	1.90	89	2.33	
2010-09-26 08:46:08	4474	1	0	89	14.16	21.48	13.67	1.79	89	1.97	
2010-09-26 08:46:09	4479	1	0	89	14.16	21.48	13.67	1.76	89	1.85	
2010-09-26 08:46:10	4484	1	0	89	14.16	21.48	15.63	1.76	89	1.79	
2010-09-26 08:46:11	4489	1	0	89	14.16	21.48	14.65	0.91	89	1.74	
2010-09-26 08:46:12	4494	1	0	89	14.65	21.48	14.16	1.03	90	1.03	
2010-09-26 08:46:13	4499	1	0	89	14.16	21.97	15.14	0.91	89	1.08	
2010-09-26 08:46:14	4504	1	0	89	14.65	21.48	14.16	0.76	89	1.10	
2010-09-26 08:46:15	4509	1	0	88	14.16	21.48	14.16	0.83	89	0.87	
2010-09-26 08:46:16	4514	1	0	89	13.67	21.48	14.16	0.21	89	0.83	
2010-09-26 08:46:17	4519	1	0	89	14.16	21.48	14.16	0.32	89	0.37	
2010-09-26 08:46:18	4524	1	0	88	14.16	21.48	14.16	0.53	89	0.55	
2010-09-26 08:46:19	4529	1	0	89	13.67	21.00	16.11	0.55	89	0.71	
2010-09-26 08:46:20	4534	1	0	89	14.65	21.48	14.65	0.73	89	1.01	
2010-09-26 08:46:21	4539	1	0	89	14.16	21.48	13.67	0.71	89	0.94	
2010-09-26 08:46:23	4544	1	0	88	14.16	21.48	13.67	0.64	89	0.87	
2010-09-26 08:46:24	4549	1	0	89	13.67	20.51	13.67	1.03	89	1.10	
2010-09-26 08:46:25	4554	1	0	89	14.16	21.48	15.14	1.03	89	1.14	
2010-09-26 08:46:26	4559	1	0	89	13.67	21.48	15.14	1.01	89	1.08	
2010-09-26 08:46:27	4564	1	0	89	14.16	21.48	14.65	0.99	89	1.19	
2010-09-26 08:46:28	4569	1	0	89	13.67	21.00	13.18	1.08	89	1.30	
2010-09-26 08:46:29	4574	1	0	89	14.16	21.00	13.18	1.10	89	1.21	
2010-09-26 08:46:30	4579	1	0	89	13.67	21.00	14.16	1.10	89	1.10	
2010-09-26 08:46:31	4584	1	0	89	13.67	21.00	13.67	1.19	89	1.31	
2010-09-26 08:46:32	4589	1	0	89	14.16	21.97	14.16	1.15	89	1.23	
2010-09-26 08:46:33	4594	1	0	89	14.16	21.48	13.67	1.19	89	1.31	
2010-09-26 08:46:34	4599	1	0	89	13.67	21.97	14.16	1.24	89	1.24	
2010-09-26 08:46:35	4604	1	0	89	13.67	21.00	13.67	1.19	89	1.30	
2010-09-26 08:46:36	4609	1	0	89	13.67	23.44	14.16	1.12	89	1.26	
2010-09-26 08:46:37	4614	1	0	89	13.18	25.88	13.67	1.14	89	1.30	
2010-09-26 08:46:38	4619	1	0	89	13.18	26.37	14.16	1.12	89	1.28	
2010-09-26 08:46:39	4624	1	0	89	13.67	26.37	13.67	1.17	89	1.23	
2010-09-26 08:46:40	4629	1	0	89	13.67	25.39	14.65	1.19	89	1.28	
2010-09-26 08:46:41	4634	1	0	89	14.16	21.48	13.67	1.30	89	1.38	
2010-09-26 08:46:42	4639	1	0	88	13.67	21.97	14.16	1.28	89	1.51	
2010-09-26 08:46:44	4644	1	0	89	14.16	21.97	14.16	1.42	89	1.56	
2010-09-26 08:46:45	4649	1	0	89	14.65	21.48	13.67	1.40	89	1.53	
2010-09-26 08:46:46	4654	1	0	89	14.16	21.97	14.16	1.67	89	1.79	
2010-09-26 08:46:47	4659	1	0	89	13.67	21.48	13.67	1.63	89	1.76	
2010-09-26 08:46:48	4664	1	0	89	16.11	23.44	15.63	1.63	89	1.72	
2010-09-26 08:46:49	4669	1	0	89	14.65	22.46	13.67	1.69	89	1.72	
2010-09-26 08:46:50	4674	1	0	89	13.67	21.48	14.16	1.58	89	1.81	
2010-09-26 08:46:51	4679	1	0	89	14.16	21.97	14.65	1.76	89	1.86	
2010-09-26 08:46:52	4684	1	0	89	14.16	22.46	13.67	1.72	89	1.88	
2010-09-26 08:46:53	4689	1	0	89	13.67	21.48	14.16	1.72	89	1.81	
2010-09-26 08:46:54	4694	1	0	89	14.16	21.48	14.65	1.70	89	1.81	
2010-09-26 08:46:55	4699	1	0	89	15.63	21.48	15.14	1.46	89	1.79	
2010-09-26 08:46:56	4704	1	0	89	14.65	21.48	14.16	1.38	89	1.78	
2010-09-26 08:46:57	4709	1	0	89	14.16	21.97	14.65	1.49	89	1.54	
2010-09-26 08:46:58	4714	1	0	89	13.67	21.97	14.16	1.62	89	1.63	
2010-09-26 08:46:59	4719	1	0	89	14.16	21.97	13.67	1.88	89	2.04	
2010-09-26 08:47:00	4724	1	0	89	14.65	21.97	14.16	1.86	89	2.25	
2010-09-26 08:47:01	4729	1	0	89	13.67	21.48	14.16	1.86	89	2.24	
2010-09-26 08:47:02	4734	1	0	89	13.67	21.48	13.67	1.95	89	2.04	
2010-09-26 08:47:03	4739	1	0	89	14.16	21.97	15.14	1.62	90	2.01	
2010-09-26 08:47:05	4744	1	0	89	14.16	21.97	15.63	2.22	89	2.24	
2010-09-26 08:47:06	4749	1	0	89	14.65	21.97	14.65	2.33	89	2.33	
2010-09-26 08:47:07	4754	1	0	89	13.67	21.97	14.16	2.29	89	2.40	
2010-09-26 08:47:08	4759	1	0	89	14.65	22.46	14.65	2.31	89	2.47	
2010-09-26 08:47:09	4764	1	0	89	14.65	21.48	15.14	1.99	89	2.25	
2010-09-26 08:47:10	4769	1	0	89	14.16	21.97	15.63	1.90	89	1.95	
2010-09-26 08:47:11	4774	1	0	89	14.16	21.97	15.63	1.76	89	1.86	
2010-09-26 08:47:12	4779	1	0	89	14.16	21.97	14.16	1.79	89	1.83	
2010-09-26 08:47:13	4784	1	0	89	14.65	21.48	15.63	1.74	89	1.79	
2010-09-26 08:47:14	4789	1	0	89	13.67	19.53	13.67	0.94	89	1.67	
2010-09-26 08:47:15	4794	1	0	89	14.16	20.02	13.67	0.55	89	1.05	
2010-09-26 08:47:16	4799	1	0	89	14.16	20.51	13.67	0.71	89	0.87	
2010-09-26 08:47:17	4804	1	0	89	14.16	20.02	13.67	0.62	89	0.73	
2010-09-26 08:47:18	4809	1	0	89	14.16	21.48	13.67	0.20	89	0.71	
2010-09-26 08:47:19	4814	1	0	89	14.65	20.51	14.16	0.28	89	0.41	
2010-09-26 08:47:20	4819	1	0	89	14.16	21.00	14.16	0.25	89	0.41	
2010-09-26 08:47:21	4824	1	0	89	14.65	21.00	14.16	0.25	89	0.55	
2010-09-26 08:47:22	4829	1	0	89	14.65	21.48	14.65	0.27	89	0.44	
2010-09-26 08:47:23	4834	1	0	89	14.65	21.48	14.16	0.66	89	0.78	
2010-09-26 08:47:24	4839	1	0	89	14.65	21.48	14.16	0.78	89	0.76	
2010-09-26 08:47:26	4844	1	0	89	14.65	21.97	13.67	0.75	89	0.91	
2010-09-26 08:47:27	4849	1	0	89	14.16	21.48	14.16	0.78	89	0.89	
2010-09-26 08:47:28	4854	1	0	89	14.65	21.48	14.16	0.78	89	0.94	
2010-09-26 08:47:29	4859	1	0	89	13.67	21.97	14.16	1.10	89	1.12	
2010-09-26 08:47:30	4864	1	0	89	13.67	21.48	14.16	1.21	89	1.21	
2010-09-26 08:47:31	4869	1	0	89	14.16	21.48	13.67	1.05	89	1.17	
2010-09-26 08:47:32	4874	1	0	89	13.67	21.97	14.65	1.03	89	1.15	
2010-09-26 08:47:33	4879	1	0	89	14.16	21.97	13.67	1.14	89	1.30	
2010-09-26 08:47:34	4884	1	0	89	14.16	21.48	13.18	1.03	89	1.26	
2010-09-26 08:47:35	4889	1	0	89	14.16	21.48	13.18	1.07	89	1.15	
2010-09-26 08:47:36	4894	1	0	89	14.16	21.97	13.18	0.99	89	1.19	
2010-09-26 08:47:37	4899	1	0	89	13.67	21.97	13.18	1.17	89	1.21	
2010-09-26 08:47:38	4904	1	0	89	14.65	22.46	14.16	1.05	89	1.21	
2010-09-26 08:47:39	4909	1	0	89	14.16	21.97	13.67	1.05	89	1.17	
2010-09-26 08:47:40	4914	1	0	89	14.16	21.97	13.67	1.08	89	1.23	
2010-09-26 08:47:41	4919	1	0	89	14.16	21.48	13.67	1.15	89	1.26	
2010-09-26 08:47:42	4924	1	0	89	14.65	22.46	13.18	1.08	89	1.23	
2010-09-26 08:47:43	4929	1	0	89	14.16	21.48	14.16	1.33	89	1.40	
2010-09-26 08:47:44	4934	1	0	89	14.16	21.48	13.18	1.30	89	1.49	
2010-09-26 08:47:45	4939	1	0	89	14.16	21.97	13.67	1.28	89	1.42	
2010-09-26 08:47:47	4944	1	0	89	14.16	22.46	13.18	1.24	89	1.33	
2010-09-26 08:47:48	4949	1	0	89	14.16	22.46	13.67	1.30	89	1.44	
2010-09-26 08:47:49	4954	1	0	89	14.65	21.97	13.67	1.58	89	1.62	
2010-09-26 08:47:50	4959	1	0	89	14.16	22.46	14.65	1.62	89	1.72	
2010-09-26 08:47:51	4964	1	0	89	13.67	21.97	14.16	1.54	89	1.72	
2010-09-26 08:47:52	4969	1	0	89	14.65	21.48	13.67	1.54	89	1.72	
2010-09-26 08:47:53	4974	1	0	89	14.16	21.48	14.65	1.60	89	1.70	
2010-09-26 08:47:54	4979	1	0	89	13.67	21.48	13.67	1.78	89	1.85	
2010-09-26 08:47:55	4984	1	0	89	13.67	21.97	13.18	1.90	89	2.01	
2010-09-26 08:47:56	4989	1	0	89	14.16	21.48	13.18	1.81	89	2.01	
2010-09-26 08:47:57	4994	1	0	89	13.67	21.48	13.67	1.81	89	1.92	
2010-09-26 08:47:58	4999	1	0	89	13.67	21.48	13.67	1.74	89	1.92	
2010-09-26 08:47:59	5004	1	0	89	14.65	21.97	12.70	1.74	89	2.13	
2010-09-26 08:48:00	5009	1	0	89	13.18	21.48	13.67	1.58	89	1.78	
2010-09-26 08:48:01	5014	1	0	89	14.16	21.97	13.18	1.69	89	1.90	
2010-09-26 08:48:02	5019	1	0	89	13.67	21.97	13.18	1.63	89	1.88	
2010-09-26 08:48:03	5024	1	0	89	13.67	21.97	13.67	1.83	89	2.08	
2010-09-26 08:48:04	5029	1	0	89	14.16	21.97	13.18	2.04	89	2.27	
2010-09-26 08:48:05	5034	1	0	89	14.16	23.44	12.70	2.08	89	2.24	
2010-09-26 08:48:07	5039	1	0	89	14.65	21.48	13.67	2.01	89	2.25	
2010-09-26 08:48:08	5044	1	0	89	16.60	22.46	13.67	1.92	89	2.24	
2010-09-26 08:48:09	5049	1	0	89	15.14	21.97	13.18	2.01	89	2.29	
2010-09-26 08:48:10	5054	1	0	90	13.67	21.97	13.67	2.06	90	2.06	
2010-09-26 08:48:11	5059	1	0	89	14.16	23.93	13.67	2.01	89	2.10	
2010-09-26 08:48:12	5064	1	0	89	14.16	21.48	13.18	2.08	89	2.10	
2010-09-26 08:48:13	5069	1	0	90	14.16	21.97	13.67	2.13	90	2.20	
2010-09-26 08:48:14	5074	1	0	89	13.67	21.48	13.18	1.62	90	2.24	
2010-09-26 08:48:15	5079	1	0	89	14.16	21.00	14.16	1.51	89	1.63	
2010-09-26 08:48:16	5084	1	0	89	14.16	21.97	13.67	1.51	89	1.62	
2010-09-26 08:48:17	5089	1	0	89	14.65	21.97	13.67	1.37	89	1.47	
2010-09-26 08:48:18	5094	1	0	89	14.65	21.97	14.16	1.26	89	1.35	
2010-09-26 08:48:19	5099	1	0	89	14.65	21.97	13.67	1.17	89	1.30	
2010-09-26 08:48:20	5104	1	0	90	14.16	21.97	13.67	0.59	90	1.30	
2010-09-26 08:48:21	5109	1	0	89	13.67	21.97	13.67	1.15	90	1.19	
2010-09-26 08:48:22	5114	1	0	89	13.67	21.48	13.67	0.48	89	1.12	
2010-09-26 08:48:23	5119	1	0	89	13.67	21.48	13.67	0.28	89	0.57	
2010-09-26 08:48:24	5124	1	0	89	13.18	21.97	13.67	0.34	89	0.41	
2010-09-26 08:48:25	5129	1	0	89	13.67	23.44	15.14	0.50	89	0.85	
2010-09-26 08:48:26	5134	1	0	90	16.11	21.48	14.65	0.51	90	0.98	
2010-09-26 08:48:28	5139	1	0	89	14.16	21.48	13.67	0.73	90	0.75	
2010-09-26 08:48:29	5144	1	0	89	14.16	21.48	14.16	0.78	90	0.78	
2010-09-26 08:48:30	5149	1	0	89	14.65	21.97	13.18	0.76	89	0.87	
2010-09-26 08:48:31	5154	1	0	89	14.65	21.97	16.11	0.66	89	0.98	
2010-09-26 08:48:32	5159	1	0	89	13.67	22.46	13.67	1.01	89	1.01	
2010-09-26 08:48:33	5164	1	0	89	13.67	21.97	14.16	0.41	90	1.14	
2010-09-26 08:48:34	5169	1	0	89	16.11	22.46	13.18	0.41	90	0.91	
2010-09-26 08:48:35	5174	1	0	89	13.67	21.97	15.63	0.36	90	0.92	
2010-09-26 08:48:36	5179	1	0	90	13.18	21.97	13.67	0.89	90	1.01	
2010-09-26 08:48:37	5184	1	0	89	15.63	23.44	15.14	1.17	89	1.19	
2010-09-26 08:48:38	5189	1	0	89	16.11	23.44	15.14	1.23	89	1.24	
2010-09-26 08:48:39	5194	1	0	89	15.63	23.44	15.14	1.17	89	1.28	
2010-09-26 08:48:40	5199	1	0	89	15.14	23.44	15.14	1.21	89	1.31	
2010-09-26 08:48:41	5204	1	0	89	15.63	23.44	14.65	1.19	89	1.24	
2010-09-26 08:48:42	5209	1	0	89	14.16	22.46	14.16	1.19	90	1.38	
2010-09-26 08:48:43	5214	1	0	90	14.16	22.46	13.67	1.15	90	1.31	
2010-09-26 08:48:44	5219	1	0	89	14.16	22.95	13.67	1.01	90	1.17	
2010-09-26 08:48:45	5224	1	0	89	14.16	21.97	13.18	1.15	90	1.21	
2010-09-26 08:48:46	5229	1	0	89	13.67	22.46	13.67	1.10	89	1.28	
2010-09-26 08:48:47	5234	1	0	89	14.16	22.46	13.67	1.15	89	1.33	
2010-09-26 08:48:49	5239	1	0	89	13.67	21.97	14.16	1.44	89	1.56	
2010-09-26 08:48:50	5244	1	0	89	13.18	22.46	14.16	1.10	90	1.63	
2010-09-26 08:48:51	5249	1	0	89	13.18	21.97	13.67	1.35	90	1.49	
2010-09-26 08:48:52	5254	1	0	89	14.16	22.46	14.16	1.23	90	1.44	
2010-09-26 08:48:53	5259	1	0	89	13.67	21.97	13.67	1.19	90	1.56	
2010-09-26 08:48:54	5264	1	0	89	14.16	21.48	13.18	1.60	89	1.79	
2010-09-26 08:48:55	5269	1	0	89	13.67	21.97	12.70	1.60	89	1.78	
2010-09-26 08:48:56	5274	1	0	89	13.67	21.48	12.70	1.67	89	1.83	
2010-09-26 08:48:57	5279	1	0	89	14.16	22.46	14.16	1.58	89	1.70	
2010-09-26 08:48:58	5284	1	0	89	13.67	21.97	12.70	1.70	89	1.79	
2010-09-26 08:48:59	5289	1	0	89	14.65	21.97	14.16	1.62	89	1.85	
2010-09-26 08:49:00	5294	1	0	89	14.16	21.48	14.16	1.97	89	2.31	
2010-09-26 08:49:01	5299	1	0	89	13.67	21.97	15.63	1.76	89	2.06	
2010-09-26 08:49:02	5304	1	0	89	13.18	21.48	16.11	2.01	89	2.02	
2010-09-26 08:49:03	5309	1	0	89	12.70	21.97	16.11	1.88	89	2.13	
2010-09-26 08:49:04	5314	1	0	89	14.16	21.97	17.09	1.67	89	1.95	
2010-09-26 08:49:05	5319	1	0	89	13.67	21.97	16.60	1.78	89	2.08	
2010-09-26 08:49:06	5324	1	0	89	14.16	22.46	13.18	1.74	89	2.11	
2010-09-26 08:49:07	5329	1	0	89	13.18	21.97	13.18	1.99	89	2.08	
2010-09-26 08:49:08	5334	1	0	89	13.67	21.48	13.18	1.88	89	2.17	
2010-09-26 08:49:10	5339	1	0	89	13.18	22.46	13.67	1.88	89	2.01	
2010-09-26 08:49:11	5344	1	0	89	13.67	21.97	14.16	1.95	89	2.08	
2010-09-26 08:49:12	5349	1	0	89	13.67	23.44	13.67	2.25	89	2.29	
2010-09-26 08:49:13	5354	1	0	89	14.16	21.00	13.67	2.29	89	2.31	
2010-09-26 08:49:14	5359	1	0	89	13.18	25.39	15.14	2.27	89	2.34	
2010-09-26 08:49:15	5364	1	0	89	14.65	22.46	13.67	2.18	89	2.40	
2010-09-26 08:49:16	5369	1	0	89	13.67	21.97	14.65	2.27	89	2.33	
2010-09-26 08:49:17	5374	1	0	89	13.18	22.46	13.18	2.25	89	2.31	
2010-09-26 08:49:18	5379	1	0	89	14.16	22.46	13.18	1.17	89	2.22	
2010-09-26 08:49:19	5384	1	0	89	14.65	22.46	12.21	1.33	89	1.35	
2010-09-26 08:49:20	5389	1	0	89	13.67	22.46	12.70	1.33	89	1.40	
2010-09-26 08:49:21	5394	1	0	89	14.16	22.46	12.70	1.30	89	1.38	
2010-09-26 08:49:22	5399	1	0	89	14.16	22.46	12.21	1.33	89	1.44	
2010-09-26 08:49:23	5404	1	0	89	14.16	22.46	13.67	1.28	89	1.35	
2010-09-26 08:49:24	5409	1	0	90	13.18	21.97	12.70	1.40	91	1.42	
2010-09-26 08:49:25	5414	1	0	89	13.18	21.48	11.72	1.58	91	1.65	
2010-09-26 08:49:26	5419	1	0	90	14.65	22.46	13.18	0.37	90	1.62	
2010-09-26 08:49:27	5424	1	0	90	14.16	21.97	13.18	0.83	90	0.89	
2010-09-26 08:49:28	5429	1	0	90	14.16	21.97	12.70	0.99	91	1.03	
2010-09-26 08:49:29	5434	1	0	89	13.67	21.97	11.72	1.60	91	1.62	
2010-09-26 08:49:31	5439	1	0	89	14.16	21.97	13.67	0.73	89	1.60	
2010-09-26 08:49:32	5444	1	0	89	14.65	23.44	14.16	0.64	89	0.73	
2010-09-26 08:49:33	5449	1	0	89	14.16	22.95	13.18	0.69	89	0.85	
2010-09-26 08:49:34	5454	1	0	89	14.16	22.46	15.14	0.71	89	0.91	
2010-09-26 08:49:35	5459	1	0	89	13.67	22.46	14.65	0.66	89	0.80	
2010-09-26 08:49:36	5464	1	0	89	15.14	22.46	16.60	0.75	89	0.82	
2010-09-26 08:49:37	5469	1	0	89	14.16	22.95	13.18	1.15	89	1.15	
2010-09-26 08:49:38	5474	1	0	89	13.67	22.46	13.67	1.19	89	1.24	
2010-09-26 08:49:39	5479	1	0	89	14.65	22.95	13.18	1.12	89	1.24	
2010-09-26 08:49:40	5484	1	0	89	13.67	22.46	13.18	1.05	89	1.24	
2010-09-26 08:49:41	5489	1	0	89	13.67	21.97	13.18	1.05	89	1.21	
2010-09-26 08:49:42	5494	1	0	89	13.67	23.44	13.18	1.08	89	1.14	
2010-09-26 08:49:43	5499	1	0	89	14.16	22.46	14.16	1.08	89	1.19	
2010-09-26 08:49:44	5504	1	0	89	14.16	22.46	13.67	1.08	89	1.23	
2010-09-26 08:49:45	5509	1	0	89	13.67	23.44	13.67	1.12	89	1.19	
2010-09-26 08:49:46	5514	1	0	89	14.16	23.44	14.16	1.07	89	1.28	
2010-09-26 08:49:47	5519	1	0	89	14.16	22.95	13.67	1.14	89	1.24	
2010-09-26 08:49:48	5524	1	0	89	14.16	22.46	14.16	1.12	89	1.24	
2010-09-26 08:49:49	5529	1	0	89	13.67	22.46	13.67	1.44	89	1.54	
2010-09-26 08:49:51	5534	1	0	89	13.67	22.95	13.67	1.37	89	1.54	
2010-09-26 08:49:52	5539	1	0	89	13.67	22.95	13.67	1.42	89	1.51	
2010-09-26 08:49:53	5544	1	0	89	13.67	22.46	13.67	1.37	89	1.47	
2010-09-26 08:49:54	5549	1	0	89	13.67	22.95	13.67	1.40	89	1.54	
2010-09-26 08:49:55	5554	1	0	89	13.67	22.46	13.67	1.31	89	1.51	
2010-09-26 08:49:56	5559	1	0	89	15.14	22.95	13.67	1.54	89	1.81	
2010-09-26 08:49:57	5564	1	0	89	14.65	22.95	14.65	1.65	89	1.79	
2010-09-26 08:49:58	5569	1	0	89	14.65	22.95	14.65	1.69	89	1.85	
2010-09-26 08:49:59	5574	1	0	89	13.67	22.95	15.14	1.58	89	1.70	
2010-09-26 08:50:00	5579	1	0	89	14.16	23.44	14.65	1.65	89	1.79	
2010-09-26 08:50:01	5584	1	0	89	14.16	23.44	13.67	1.62	89	1.76	
2010-09-26 08:50:02	5589	1	0	89	14.16	22.95	14.65	1.60	89	2.24	
2010-09-26 08:50:03	5594	1	0	89	14.16	22.46	14.16	1.63	89	1.90	
2010-09-26 08:50:04	5599	1	0	89	14.65	22.95	15.63	1.69	89	2.01	
2010-09-26 08:50:05	5604	1	0	89	14.16	22.95	15.14	1.79	89	1.79	
2010-09-26 08:50:06	5609	1	0	89	14.65	22.46	14.16	1.63	89	1.88	
2010-09-26 08:50:07	5614	1	0	89	14.16	22.95	15.14	1.58	89	2.13	
2010-09-26 08:50:08	5619	1	0	89	14.16	21.97	13.18	1.88	89	2.13	
2010-09-26 08:50:09	5624	1	0	89	13.67	21.48	15.63	1.83	89	2.11	
2010-09-26 08:50:10	5629	1	0	89	13.67	21.97	14.16	1.88	89	2.15	
2010-09-26 08:50:12	5634	1	0	89	13.67	21.48	13.18	1.72	89	1.97	
2010-09-26 08:50:13	5639	1	0	89	14.65	22.46	12.70	1.85	89	2.11	
2010-09-26 08:50:14	5644	1	0	89	14.16	22.46	14.65	2.01	89	2.08	
2010-09-26 08:50:15	5649	1	0	89	13.67	21.97	13.18	2.02	89	2.15	
2010-09-26 08:50:16	5654	1	0	89	16.11	24.90	20.02	1.97	89	2.25	
2010-09-26 08:50:17	5659	1	0	89	15.14	23.93	21.00	2.04	89	2.10	
2010-09-26 08:50:18	5664	1	0	89	15.63	24.41	19.53	2.22	89	2.31	
2010-09-26 08:50:19	5669	1	0	89	15.63	24.41	22.46	2.24	89	2.34	
2010-09-26 08:50:20	5674	1	0	88	16.60	24.90	21.97	1.76	89	2.22	
2010-09-26 08:50:21	5679	1	0	89	16.11	25.39	19.04	1.76	89	2.41	
2010-09-26 08:50:22	5684	1	0	89	14.16	22.95	11.23	1.35	89	1.85	
2010-09-26 08:50:23	5689	1	0	89	13.67	22.46	14.16	1.26	89	1.37	
2010-09-26 08:50:24	5694	1	0	89	13.67	22.46	11.72	1.21	89	1.33	
2010-09-26 08:50:25	5699	1	0	89	13.67	22.95	13.67	1.15	89	1.37	
2010-09-26 08:50:26	5704	1	0	89	13.67	22.46	13.67	1.23	89	1.26	
2010-09-26 08:50:27	5709	1	0	89	13.67	22.95	13.18	1.24	89	1.31	
2010-09-26 08:50:28	5714	1	0	89	14.16	22.46	14.65	1.23	89	1.26	
2010-09-26 08:50:29	5719	1	0	89	11.72	23.93	13.18	0.07	89	1.24	
2010-09-26 08:50:30	5724	1	0	89	14.65	21.48	16.11	0.44	89	0.62	
2010-09-26 08:50:31	5729	1	0	89	14.16	22.46	14.16	0.27	89	0.44	
2010-09-26 08:50:33	5734	1	0	89	12.70	22.95	13.67	0.51	89	0.57	
2010-09-26 08:50:34	5739	1	0	89	12.70	25.39	11.23	0.18	89	0.73	
2010-09-26 08:50:35	5744	1	0	89	13.67	23.93	11.23	0.48	89	0.62	
2010-09-26 08:50:36	5749	1	0	89	13.18	22.95	13.18	0.94	89	0.99	
2010-09-26 08:50:37	5754	1	0	89	12.70	22.46	13.18	1.12	89	1.12	
2010-09-26 08:50:38	5759	1	0	89	13.18	21.97	13.18	0.98	89	1.15	
2010-09-26 08:50:39	5764	1	0	89	13.18	21.97	13.18	1.07	89	1.14	
2010-09-26 08:50:40	5769	1	0	89	13.67	22.46	13.18	1.21	89	1.23	
2010-09-26 08:50:41	5774	1	0	89	12.21	21.97	13.18	1.08	89	1.31	
2010-09-26 08:50:42	5779	1	0	89	13.67	21.97	13.18	1.08	89	1.24	
2010-09-26 08:50:43	5784	1	0	89	14.65	22.95	13.67	1.15	89	1.19	
2010-09-26 08:50:44	5789	1	0	89	13.18	22.95	14.16	1.15	89	1.31	
2010-09-26 08:50:45	5794	1	0	89	13.18	22.46	13.67	1.08	89	1.28	
2010-09-26 08:50:46	5799	1	0	89	13.18	22.46	13.18	1.23	89	1.28	
2010-09-26 08:50:47	5804	1	0	89	13.18	22.46	13.67	1.28	89	1.40	
2010-09-26 08:50:48	5809	1	0	89	13.18	22.46	13.67	1.17	89	1.35	
2010-09-26 08:50:49	5814	1	0	89	13.18	23.44	13.67	1.31	89	1.46	
2010-09-26 08:50:50	5819	1	0	89	13.67	23.93	13.18	1.23	89	1.54	
2010-09-26 08:50:51	5824	1	0	89	13.67	22.46	13.67	1.31	89	1.42	
2010-09-26 08:50:52	5829	1	0	89	13.18	23.44	12.70	1.30	89	1.35	
2010-09-26 08:50:54	5834	1	0	89	13.18	24.41	13.67	1.30	89	1.46	
2010-09-26 08:50:55	5839	1	0	89	13.67	23.93	13.67	1.26	89	1.46	
2010-09-26 08:50:56	5844	1	0	89	13.67	22.46	13.67	1.28	89	1.40	
2010-09-26 08:50:57	5849	1	0	89	14.16	23.44	13.18	1.54	89	1.81	
2010-09-26 08:50:58	5854	1	0	89	13.18	23.44	12.70	1.62	89	1.76	
2010-09-26 08:50:59	5859	1	0	89	13.67	22.95	13.18	1.62	89	1.78	
2010-09-26 08:51:00	5864	1	0	89	13.67	22.95	13.18	1.65	89	1.76	
2010-09-26 08:51:01	5869	1	0	89	14.16	22.95	13.67	1.65	89	1.79	
2010-09-26 08:51:02	5874	1	0	89	13.67	22.95	14.16	1.54	89	1.79	
2010-09-26 08:51:03	5879	1	0	89	13.67	21.97	14.16	1.62	89	1.76	
2010-09-26 08:51:04	5884	1	0	89	14.16	22.46	14.16	1.72	89	2.11	
2010-09-26 08:51:05	5889	1	0	89	14.16	22.46	13.67	1.81	89	2.08	
2010-09-26 08:51:06	5894	1	0	89	14.16	22.46	13.18	1.56	90	2.15	
2010-09-26 08:51:07	5899	1	0	89	13.67	22.95	13.18	1.74	89	2.29	
2010-09-26 08:51:08	5904	1	0	89	13.67	23.44	13.18	1.70	89	1.94	
2010-09-26 08:51:09	5909	1	0	89	13.67	24.41	13.18	1.79	89	2.11	
2010-09-26 08:51:10	5914	1	0	89	13.18	22.46	12.70	1.65	89	2.04	
2010-09-26 08:51:11	5919	1	0	89	12.70	21.97	12.21	2.01	89	2.20	
2010-09-26 08:51:12	5924	1	0	89	12.21	21.97	12.21	2.02	89	2.22	
2010-09-26 08:51:13	5929	1	0	89	12.21	21.48	11.72	1.83	89	2.34	
2010-09-26 08:51:15	5934	1	0	89	12.21	21.97	11.72	2.04	89	2.13	
2010-09-26 08:51:16	5939	1	0	89	12.21	21.97	11.72	2.04	89	2.15	
2010-09-26 08:51:17	5944	1	0	89	12.21	21.97	11.72	2.15	89	2.24	
2010-09-26 08:51:18	5949	1	0	89	12.21	21.97	12.21	1.74	89	2.22	
2010-09-26 08:51:19	5954	1	0	89	13.18	21.97	12.21	1.85	89	1.86	
2010-09-26 08:51:20	5959	1	0	89	13.18	22.46	12.21	1.85	89	1.90	
2010-09-26 08:51:21	5964	1	0	89	13.67	22.46	12.21	1.86	89	1.92	
2010-09-26 08:51:22	5969	1	0	89	14.16	23.44	13.18	1.83	89	1.90	
2010-09-26 08:51:23	5974	1	0	89	14.16	22.95	13.18	1.85	89	1.90	
2010-09-26 08:51:24	5979	1	0	89	14.16	22.95	12.70	1.83	89	1.90	
2010-09-26 08:51:25	5984	1	0	89	13.18	22.46	12.70	1.79	89	1.85	
2010-09-26 08:51:26	5989	1	0	89	12.70	21.97	12.21	1.10	89	1.83	
2010-09-26 08:51:27	5994	1	0	89	13.67	22.46	12.70	1.30	90	1.31	
2010-09-26 08:51:28	5999	1	0	89	13.67	22.95	13.18	1.44	90	1.47	
2010-09-26 08:51:29	6004	1	0	89	14.16	22.95	13.18	0.76	89	1.53	
2010-09-26 08:51:30	6009	1	0	89	14.16	22.95	13.67	1.10	90	1.14	
2010-09-26 08:51:31	6014	1	0	89	14.16	22.46	13.67	1.26	90	1.24	
2010-09-26 08:51:32	6019	1	0	89	14.16	22.95	13.67	0.71	89	1.37	
2010-09-26 08:51:33	6024	1	0	89	14.65	22.95	13.67	0.67	89	0.80	
2010-09-26 08:51:35	6029	1	0	89	14.16	23.93	13.18	0.71	89	0.89	
2010-09-26 08:51:36	6034	1	0	89	14.65	23.44	12.70	0.78	89	0.89	
2010-09-26 08:51:37	6039	1	0	89	12.70	22.46	12.21	0.80	89	0.99	
2010-09-26 08:51:38	6044	1	0	89	14.16	23.44	12.70	0.87	89	0.96	
2010-09-26 08:51:39	6049	1	0	89	13.67	24.90	12.21	0.76	89	0.99	
2010-09-26 08:51:40	6054	1	0	89	13.67	24.90	12.21	0.67	89	1.07	
2010-09-26 08:51:41	6059	1	0	89	14.16	23.93	10.74	0.89	89	0.99	
2010-09-26 08:51:42	6064	1	0	89	13.67	22.46	10.74	0.80	89	0.96	
2010-09-26 08:51:43	6069	1	0	89	13.67	21.48	11.23	0.75	89	0.94	
2010-09-26 08:51:44	6074	1	0	89	13.67	21.97	10.74	0.76	89	0.85	
2010-09-26 08:51:45	6079	1	0	89	14.16	21.97	11.23	0.83	89	0.94	
2010-09-26 08:51:46	6084	1	0	89	14.16	22.46	11.23	0.73	89	0.99	
2010-09-26 08:51:47	6089	1	0	89	13.67	21.97	11.23	0.80	89	0.99	
2010-09-26 08:51:48	6094	1	0	89	14.16	21.97	11.23	0.87	89	1.05	
2010-09-26 08:51:49	6099	1	0	90	13.67	22.46	11.23	0.94	90	1.30	
2010-09-26 08:51:50	6104	1	0	89	14.16	22.95	12.21	0.83	90	1.08	
2010-09-26 08:51:51	6109	1	0	89	12.70	21.48	12.21	1.24	89	1.24	
2010-09-26 08:51:52	6114	1	0	89	12.70	21.48	12.21	1.12	89	1.30	
2010-09-26 08:51:53	6119	1	0	89	13.18	21.48	11.72	1.07	89	1.40	
2010-09-26 08:51:54	6124	1	0	89	13.18	21.97	12.70	0.99	89	1.23	
2010-09-26 08:51:56	6129	1	0	89	13.67	21.48	12.21	1.03	89	1.23	
2010-09-26 08:51:57	6134	1	0	89	12.70	21.48	12.70	1.12	89	1.30	
2010-09-26 08:51:58	6139	1	0	89	15.14	21.48	13.18	1.42	89	1.78	
2010-09-26 08:51:59	6144	1	0	89	13.18	23.44	12.70	1.37	89	1.60	
2010-09-26 08:52:00	6149	1	0	89	14.16	22.46	12.70	1.37	89	1.51	
2010-09-26 08:52:01	6154	1	0	89	13.67	22.95	11.72	1.40	89	1.74	
2010-09-26 08:52:02	6159	1	0	89	13.67	21.97	12.21	1.49	89	1.65	
2010-09-26 08:52:03	6164	1	0	89	13.67	22.46	12.21	1.37	89	1.70	
2010-09-26 08:52:04	6169	1	0	89	13.67	22.95	12.21	1.46	89	1.56	
2010-09-26 08:52:05	6174	1	0	89	13.18	21.97	11.72	1.78	89	2.02	
2010-09-26 08:52:06	6179	1	0	89	13.67	21.97	11.72	1.79	89	1.86	
2010-09-26 08:52:07	6184	1	0	89	13.18	21.97	11.23	1.23	90	2.11	
2010-09-26 08:52:08	6189	1	0	89	13.18	22.46	11.23	1.42	90	2.08	
2010-09-26 08:52:09	6194	1	0	89	13.18	21.48	13.18	1.46	90	1.49	
2010-09-26 08:52:10	6199	1	0	89	12.70	21.97	12.21	1.47	90	1.65	
2010-09-26 08:52:11	6204	1	0	89	13.18	21.48	11.72	1.47	90	2.08	
2010-09-26 08:52:12	6209	1	0	89	13.67	22.46	12.70	1.60	90	2.04	
2010-09-26 08:52:13	6214	1	0	89	12.70	21.97	12.21	1.88	89	2.11	
2010-09-26 08:52:14	6219	1	0	89	13.18	21.48	12.21	1.86	89	2.11	
2010-09-26 08:52:15	6224	1	0	89	12.70	22.46	12.21	1.95	89	2.20	
2010-09-26 08:52:17	6229	1	0	89	12.70	21.48	12.21	2.08	89	2.15	
2010-09-26 08:52:18	6234	1	0	89	13.18	21.97	11.23	1.81	89	2.27	
2010-09-26 08:52:19	6239	1	0	89	12.70	21.97	11.72	1.90	89	2.08	
2010-09-26 08:52:20	6244	1	0	89	12.70	21.97	11.72	1.97	89	2.02	
2010-09-26 08:52:21	6249	1	0	89	12.70	21.97	11.23	1.92	89	2.18	
2010-09-26 08:52:22	6254	1	0	89	13.18	21.00	12.21	1.90	89	1.99	
2010-09-26 08:52:23	6259	1	0	89	13.18	21.48	12.70	1.88	89	1.92	
2010-09-26 08:52:24	6264	1	0	89	12.70	20.51	12.21	1.88	89	1.92	
2010-09-26 08:52:25	6269	1	0	89	12.70	20.51	12.21	1.92	89	1.92	
2010-09-26 08:52:26	6274	1	0	89	13.18	20.51	12.21	1.92	89	1.97	
2010-09-26 08:52:27	6279	1	0	89	13.18	21.00	12.21	1.83	89	2.02	
2010-09-26 08:52:28	6284	1	0	89	12.70	22.95	14.16	1.83	89	1.88	
2010-09-26 08:52:29	6289	1	0	89	13.18	21.00	12.21	1.92	89	1.97	
2010-09-26 08:52:30	6294	1	0	89	13.18	21.48	12.21	0.96	89	1.94	
2010-09-26 08:52:31	6299	1	0	89	13.18	21.97	12.21	0.78	89	0.94	
2010-09-26 08:52:32	6304	1	0	89	13.18	21.97	12.21	0.91	90	0.92	
2010-09-26 08:52:33	6309	1	0	89	13.18	22.46	12.21	0.25	89	0.91	
2010-09-26 08:52:34	6314	1	0	89	13.67	22.46	12.21	0.32	89	0.53	
2010-09-26 08:52:35	6319	1	0	89	13.18	21.97	12.21	0.62	90	0.64	
2010-09-26 08:52:37	6324	1	0	89	12.70	22.46	12.21	0.89	90	0.96	
2010-09-26 08:52:38	6329	1	0	89	12.70	21.97	12.21	1.38	90	1.40	
2010-09-26 08:52:39	6334	1	0	89	13.18	21.97	12.21	0.37	90	1.33	
2010-09-26 08:52:40	6339	1	0	89	12.70	22.46	11.72	0.50	89	0.82	
2010-09-26 08:52:41	6344	1	0	89	12.70	22.46	12.21	0.16	90	0.51	
2010-09-26 08:52:42	6349	1	0	89	13.18	22.46	12.21	0.37	90	0.66	
2010-09-26 08:52:43	6354	1	0	89	12.70	21.97	11.72	0.57	90	0.80	
2010-09-26 08:52:44	6359	1	0	89	12.21	22.46	11.72	0.55	89	0.71	
2010-09-26 08:52:45	6364	1	0	89	12.21	22.95	12.21	0.62	89	0.69	
2010-09-26 08:52:46	6369	1	0	89	12.21	22.46	12.21	0.43	90	0.75	
2010-09-26 08:52:47	6374	1	0	89	12.21	22.46	11.72	0.94	89	1.17	
2010-09-26 08:52:48	6379	1	0	89	11.72	21.48	11.72	0.98	89	1.12	
2010-09-26 08:52:49	6384	1	0	89	12.21	22.46	11.72	0.91	89	1.08	
2010-09-26 08:52:50	6389	1	0	89	12.70	21.97	11.72	1.01	89	1.19	
2010-09-26 08:52:51	6394	1	0	89	13.18	21.97	12.21	1.05	89	1.15	
2010-09-26 08:52:52	6399	1	0	89	12.70	21.97	12.21	1.07	89	1.17	
2010-09-26 08:52:53	6404	1	0	89	12.70	22.46	11.72	0.89	89	1.24	
2010-09-26 08:52:54	6409	1	0	89	13.18	21.97	13.18	1.05	89	1.21	
2010-09-26 08:52:55	6414	1	0	89	13.18	22.46	12.21	1.38	89	1.38	
2010-09-26 08:52:56	6419	1	0	89	13.18	21.97	12.21	1.28	89	1.46	
2010-09-26 08:52:58	6424	1	0	89	13.18	22.46	11.72	1.19	89	1.37	
2010-09-26 08:52:59	6429	1	0	89	12.70	21.97	12.21	1.31	89	1.53	
2010-09-26 08:53:00	6434	1	0	89	12.70	21.97	12.21	1.30	89	1.47	
2010-09-26 08:53:01	6439	1	0	89	13.18	21.97	12.21	1.21	89	1.38	
2010-09-26 08:53:02	6444	1	0	89	13.18	22.46	12.21	1.15	89	1.28	
2010-09-26 08:53:03	6449	1	0	89	13.18	22.46	12.70	1.38	89	1.53	
2010-09-26 08:53:04	6454	1	0	89	11.72	21.97	12.21	1.54	89	1.81	
2010-09-26 08:53:05	6459	1	0	89	11.72	21.97	11.23	1.53	89	1.76	
2010-09-26 08:53:06	6464	1	0	89	12.21	23.93	11.72	1.51	89	1.76	
2010-09-26 08:53:07	6469	1	0	89	11.72	22.95	11.72	1.62	89	2.13	
2010-09-26 08:53:08	6474	1	0	89	11.23	21.97	11.72	1.47	89	2.08	
2010-09-26 08:53:09	6479	1	0	89	11.23	23.44	11.72	1.46	89	1.79	
2010-09-26 08:53:10	6484	1	0	89	11.23	21.97	11.72	1.49	89	1.67	
2010-09-26 08:53:11	6489	1	0	89	12.21	21.97	11.72	1.63	89	2.15	
2010-09-26 08:53:12	6494	1	0	89	11.72	21.97	12.70	1.83	89	2.15	
2010-09-26 08:53:13	6499	1	0	89	12.21	22.95	12.70	1.90	89	2.11	
2010-09-26 08:53:14	6504	1	0	89	12.21	22.46	12.70	1.95	89	2.22	
2010-09-26 08:53:15	6509	1	0	89	12.70	22.46	13.18	1.90	89	2.20	
2010-09-26 08:53:16	6514	1	0	89	12.70	22.95	12.70	2.01	89	2.04	
2010-09-26 08:53:17	6519	1	0	89	12.70	22.95	12.21	1.90	89	1.99	
2010-09-26 08:53:19	6524	1	0	89	12.70	22.95	13.18	1.94	89	2.20	
2010-09-26 08:53:20	6529	1	0	89	12.70	21.97	12.21	1.99	89	2.04	
2010-09-26 08:53:21	6534	1	0	89	12.70	22.46	12.70	1.95	89	2.08	
2010-09-26 08:53:22	6539	1	0	88	12.21	21.48	11.72	1.67	89	2.11	
2010-09-26 08:53:23	6544	1	0	89	11.23	21.48	11.72	2.01	89	2.01	
2010-09-26 08:53:24	6549	1	0	89	10.74	21.00	11.23	2.11	89	2.15	
2010-09-26 08:53:25	6554	1	0	89	12.21	21.48	11.72	2.13	89	2.17	
2010-09-26 08:53:26	6559	1	0	89	12.21	21.97	11.72	1.83	89	2.11	
2010-09-26 08:53:27	6564	1	0	89	11.72	21.48	11.72	2.13	89	2.17	
2010-09-26 08:53:28	6569	1	0	89	11.72	21.48	11.72	2.06	89	2.13	
2010-09-26 08:53:29	6574	1	0	88	12.21	21.97	11.72	1.78	89	2.10	
2010-09-26 08:53:30	6579	1	0	89	12.21	22.46	12.70	1.35	89	1.76	
2010-09-26 08:53:31	6584	1	0	89	12.21	21.97	14.65	1.21	89	1.42	
2010-09-26 08:53:32	6589	1	0	89	12.21	21.97	13.18	1.26	89	1.28	
2010-09-26 08:53:33	6594	1	0	88	12.70	22.46	13.67	1.28	89	1.30	
2010-09-26 08:53:34	6599	1	0	89	12.21	21.97	13.67	1.24	89	1.38	
2010-09-26 08:53:35	6604	1	0	89	12.21	21.97	13.67	1.28	89	1.30	
2010-09-26 08:53:36	6609	1	0	89	12.70	21.97	12.70	1.23	89	1.35	
2010-09-26 08:53:37	6614	1	0	89	12.21	22.46	13.18	1.19	89	1.24	
2010-09-26 08:53:38	6619	1	0	89	12.70	22.46	13.18	1.12	89	1.14	
2010-09-26 08:53:40	6624	1	0	89	12.70	22.46	11.72	0.48	89	1.12	
2010-09-26 08:53:41	6629	1	0	89	12.70	23.44	12.21	0.21	89	0.67	
2010-09-26 08:53:42	6634	1	0	88	13.67	22.95	12.21	0.76	89	0.75	
2010-09-26 08:53:43	6639	1	0	89	12.70	22.46	12.21	0.66	89	0.80	
2010-09-26 08:53:44	6644	1	0	89	16.11	20.02	14.65	0.30	89	0.75	
2010-09-26 08:53:45	6649	1	0	89	14.65	20.02	12.70	0.55	89	0.67	
2010-09-26 08:53:46	6654	1	0	89	14.65	20.51	14.65	0.46	89	0.85	
2010-09-26 08:53:47	6659	1	0	89	15.63	20.02	15.14	0.57	89	0.64	
2010-09-26 08:53:48	6664	1	0	89	15.63	18.55	15.14	0.27	89	0.89	
2010-09-26 08:53:49	6669	1	0	89	12.70	21.00	12.70	1.10	89	1.12	
2010-09-26 08:53:50	6674	1	0	89	12.21	21.97	12.21	1.26	89	1.23	
2010-09-26 08:53:51	6679	1	0	89	11.72	20.51	13.67	0.82	90	1.24	
2010-09-26 08:53:52	6684	1	0	89	13.67	21.00	12.70	1.17	89	1.24	
2010-09-26 08:53:53	6689	1	0	89	13.67	21.00	12.70	1.15	89	1.24	
2010-09-26 08:53:54	6694	1	0	89	13.18	20.51	13.18	0.80	90	1.17	
2010-09-26 08:53:55	6699	1	0	89	11.72	21.48	12.70	1.12	89	1.14	
2010-09-26 08:53:56	6704	1	0	89	13.18	21.00	13.18	1.15	89	1.28	
2010-09-26 08:53:57	6709	1	0	89	12.70	21.00	11.72	1.10	89	1.28	
2010-09-26 08:53:58	6714	1	0	89	12.70	21.00	10.74	1.19	89	1.44	
2010-09-26 08:54:00	6719	1	0	89	12.70	21.48	10.74	1.10	89	1.46	
2010-09-26 08:54:01	6724	1	0	89	12.70	21.00	11.23	1.17	89	1.37	
2010-09-26 08:54:02	6729	1	0	89	12.70	21.00	11.23	1.07	89	1.31	
2010-09-26 08:54:03	6734	1	0	89	12.70	20.51	10.74	1.12	89	1.31	
2010-09-26 08:54:04	6739	1	0	89	12.70	20.51	11.23	1.12	89	1.33	
2010-09-26 08:54:05	6744	1	0	89	12.21	20.51	11.23	1.10	89	1.26	
2010-09-26 08:54:06	6749	1	0	89	13.18	21.00	11.23	1.07	89	1.24	
2010-09-26 08:54:07	6754	1	0	89	13.18	21.00	11.23	1.14	89	1.24	
2010-09-26 08:54:08	6759	1	0	89	13.18	21.48	12.21	1.65	89	1.90	
2010-09-26 08:54:09	6764	1	0	89	13.18	21.48	11.72	1.67	89	1.76	
2010-09-26 08:54:10	6769	1	0	89	12.70	21.97	11.23	1.63	89	1.94	
2010-09-26 08:54:11	6774	1	0	89	14.16	21.48	11.72	1.62	89	1.79	
2010-09-26 08:54:12	6779	1	0	89	13.67	21.00	11.72	1.62	89	1.74	
2010-09-26 08:54:13	6784	1	0	89	14.65	21.97	12.21	1.62	89	1.83	
2010-09-26 08:54:14	6789	1	0	89	13.67	21.97	12.21	1.60	89	1.74	
2010-09-26 08:54:15	6794	1	0	89	13.18	21.48	11.72	1.58	89	1.74	
2010-09-26 08:54:16	6799	1	0	89	13.67	21.48	12.21	1.70	89	1.76	
2010-09-26 08:54:17	6804	1	0	89	13.18	21.48	11.72	1.60	89	1.88	
2010-09-26 08:54:18	6809	1	0	89	13.18	21.48	11.23	1.92	89	2.08	
2010-09-26 08:54:19	6814	1	0	89	13.18	21.48	11.23	1.78	89	1.97	
2010-09-26 08:54:21	6819	1	0	89	13.18	21.48	11.72	1.88	89	2.08	
2010-09-26 08:54:22	6824	1	0	89	13.18	21.97	11.72	1.70	89	2.06	
2010-09-26 08:54:23	6829	1	0	89	13.18	21.48	11.72	1.79	89	2.04	
2010-09-26 08:54:24	6834	1	0	89	12.70	21.48	11.23	1.72	89	1.88	
2010-09-26 08:54:25	6839	1	0	89	12.70	21.00	11.23	1.94	89	2.10	
2010-09-26 08:54:26	6844	1	0	89	12.70	21.97	11.23	1.81	89	2.18	
2010-09-26 08:54:27	6849	1	0	89	12.70	21.48	11.23	1.94	89	2.13	
2010-09-26 08:54:28	6854	1	0	89	12.70	23.44	11.72	1.90	89	1.94	
2010-09-26 08:54:29	6859	1	0	89	13.18	21.97	13.67	1.76	89	1.81	
2010-09-26 08:54:30	6864	1	0	89	12.70	24.90	12.21	1.79	89	1.78	
2010-09-26 08:54:31	6869	1	0	89	12.70	21.97	12.21	1.70	89	1.72	
2010-09-26 08:54:32	6874	1	0	88	12.70	22.46	11.72	1.88	89	1.97	
2010-09-26 08:54:33	6879	1	0	89	12.70	21.97	11.72	1.86	89	1.94	
2010-09-26 08:54:34	6884	1	0	89	13.18	25.88	12.21	1.65	89	1.83	
2010-09-26 08:54:35	6889	1	0	89	12.70	23.93	12.70	1.86	90	1.90	
2010-09-26 08:54:36	6894	1	0	89	13.18	22.46	12.70	1.76	89	1.92	
2010-09-26 08:54:37	6899	1	0	89	12.21	21.00	12.21	0.60	89	1.74	
2010-09-26 08:54:38	6904	1	0	89	12.70	21.48	11.72	1.21	90	1.23	
2010-09-26 08:54:39	6909	1	0	89	12.70	21.48	11.72	1.47	90	1.49	
2010-09-26 08:54:40	6914	1	0	89	12.70	21.00	12.21	1.05	90	1.53	
2010-09-26 08:54:42	6919	1	0	89	12.70	21.48	12.21	1.26	90	1.37	
2010-09-26 08:54:43	6924	1	0	90	12.70	21.00	12.21	1.17	90	1.44	
2010-09-26 08:54:44	6929	1	0	90	12.70	21.48	11.72	1.21	90	1.40	
2010-09-26 08:54:45	6934	1	0	89	12.21	21.48	11.23	1.54	90	1.62	
2010-09-26 08:54:46	6939	1	0	90	12.21	21.00	12.21	0.96	90	1.60	
2010-09-26 08:54:47	6944	1	0	89	12.21	21.00	11.23	1.42	90	1.46	
2010-09-26 08:54:48	6949	1	0	89	13.18	22.95	13.18	0.82	89	1.40	
2010-09-26 08:54:49	6954	1	0	89	12.70	22.95	13.67	0.94	89	1.01	
2010-09-26 08:54:50	6959	1	0	89	12.21	22.46	12.70	1.12	90	1.15	
2010-09-26 08:54:51	6964	1	0	89	12.70	22.46	12.70	0.66	90	1.14	
2010-09-26 08:54:52	6969	1	0	89	13.18	22.95	13.18	0.78	90	0.99	
2010-09-26 08:54:53	6974	1	0	90	12.21	22.46	12.21	0.76	90	0.91	
2010-09-26 08:54:54	6979	1	0	89	13.67	22.95	13.67	0.34	90	0.91	
2010-09-26 08:54:55	6984	1	0	89	12.70	22.46	13.18	0.57	90	0.62	
2010-09-26 08:54:56	6989	1	0	89	13.67	26.37	14.16	0.30	90	0.89	
2010-09-26 08:54:57	6994	1	0	89	13.67	22.46	12.70	0.80	90	1.47	
2010-09-26 08:54:58	6999	1	0	89	13.18	21.97	12.21	1.14	89	1.30	
2010-09-26 08:54:59	7004	1	0	90	14.16	23.93	12.21	0.92	90	1.23	
2010-09-26 08:55:00	7009	1	0	89	13.18	21.48	13.18	0.82	90	1.05	
2010-09-26 08:55:01	7014	1	0	89	12.21	21.97	14.16	1.10	90	1.47	
2010-09-26 08:55:03	7019	1	0	90	11.72	22.46	14.65	0.94	90	1.19	
2010-09-26 08:55:04	7024	1	0	90	11.72	22.95	13.67	1.08	90	1.19	
2010-09-26 08:55:05	7029	1	0	89	14.16	21.97	16.60	0.98	90	1.30	
2010-09-26 08:55:06	7034	1	0	90	12.21	21.97	16.11	1.07	90	1.30	
2010-09-26 08:55:07	7039	1	0	90	12.21	22.46	14.16	1.01	90	1.42	
2010-09-26 08:55:08	7044	1	0	89	12.21	21.97	11.72	1.33	90	1.63	
2010-09-26 08:55:09	7049	1	0	90	12.70	20.51	12.21	1.63	90	1.63	
2010-09-26 08:55:10	7054	1	0	89	12.21	21.97	12.70	1.30	90	1.72	
2010-09-26 08:55:11	7059	1	0	90	12.21	21.48	12.70	1.38	90	1.72	
2010-09-26 08:55:12	7064	1	0	89	12.70	22.46	12.21	1.17	90	2.01	
2010-09-26 08:55:13	7069	1	0	90	12.21	21.48	12.21	1.31	90	1.62	
2010-09-26 08:55:14	7074	1	0	89	12.21	21.48	14.16	1.21	90	1.79	
2010-09-26 08:55:15	7079	1	0	90	12.21	21.48	12.21	1.53	90	1.95	
2010-09-26 08:55:16	7084	1	0	90	12.70	21.97	12.70	1.56	90	1.88	
2010-09-26 08:55:17	7089	1	0	89	12.70	22.95	14.65	1.42	90	1.97	
2010-09-26 08:55:18	7094	1	0	89	12.21	21.97	11.72	1.86	89	2.06	
2010-09-26 08:55:19	7099	1	0	89	12.21	21.48	11.72	2.04	89	2.08	
2010-09-26 08:55:20	7104	1	0	89	11.72	21.00	11.23	1.97	89	2.08	
2010-09-26 08:55:21	7109	1	0	89	12.21	21.00	11.23	2.01	89	2.10	
2010-09-26 08:55:22	7114	1	0	89	12.21	20.51	11.23	2.08	89	2.13	
2010-09-26 08:55:24	7119	1	0	89	12.21	21.00	11.72	2.17	89	2.17	
2010-09-26 08:55:25	7124	1	0	89	12.21	20.51	11.23	2.04	89	2.10	
2010-09-26 08:55:26	7129	1	0	89	12.21	20.51	11.23	2.01	89	2.15	
2010-09-26 08:55:27	7134	1	0	89	11.72	21.48	11.72	2.06	89	2.10	
2010-09-26 08:55:28	7139	1	0	89	12.21	20.02	11.72	2.06	89	2.13	
2010-09-26 08:55:29	7144	1	0	89	13.18	22.46	11.72	0.92	89	2.01	
2010-09-26 08:55:30	7149	1	0	89	14.16	22.46	11.23	1.33	89	1.35	
2010-09-26 08:55:31	7154	1	0	89	13.18	21.97	15.14	1.40	89	1.47	
2010-09-26 08:55:32	7159	1	0	89	12.70	21.97	12.70	1.42	89	1.44	
2010-09-26 08:55:33	7164	1	0	89	12.70	21.97	11.72	1.40	89	1.54	
2010-09-26 08:55:34	7169	1	0	89	12.70	22.46	12.70	1.35	89	1.51	
2010-09-26 08:55:35	7174	1	0	89	13.18	22.46	12.21	1.38	89	1.51	
2010-09-26 08:55:36	7179	1	0	89	13.67	22.46	12.70	1.35	89	1.56	
2010-09-26 08:55:37	7184	1	0	89	13.18	22.46	11.23	1.33	89	1.40	
2010-09-26 08:55:38	7189	1	0	89	12.70	22.46	11.72	1.47	89	1.51	
2010-09-26 08:55:39	7194	1	0	89	12.70	21.48	11.72	1.51	89	1.60	
2010-09-26 08:55:40	7199	1	0	89	13.67	22.95	12.70	0.14	89	1.46	
2010-09-26 08:55:41	7204	1	0	89	13.67	22.95	12.70	0.21	89	0.32	
2010-09-26 08:55:42	7209	1	0	89	13.67	22.95	12.70	0.07	89	0.37	
2010-09-26 08:55:44	7214	1	0	89	13.67	22.95	12.70	0.07	89	0.20	
2010-09-26 08:55:45	7219	1	0	89	13.67	22.95	12.70	0.09	89	0.25	
2010-09-26 08:55:46	7224	1	0	89	13.18	22.95	12.70	0.11	89	0.41	
2010-09-26 08:55:47	7229	1	0	89	13.67	22.95	12.70	0.12	89	0.32	
2010-09-26 08:55:48	7234	1	0	89	13.67	22.95	12.70	0.11	89	0.34	
2010-09-26 08:55:49	7239	1	0	89	13.67	22.95	12.70	0.09	89	0.37	
2010-09-26 08:55:50	7244	1	0	89	13.67	22.95	12.70	0.11	89	0.25	
2010-09-26 08:55:51	7249	1	0	89	13.67	22.95	13.18	0.85	89	0.91	
2010-09-26 08:55:52	7254	1	0	89	15.63	23.44	13.18	0.73	89	1.07	
2010-09-26 08:55:53	7259	1	0	89	16.60	24.41	12.70	0.71	89	0.89	
2010-09-26 08:55:54	7264	1	0	89	13.67	23.44	12.70	0.59	89	0.96	
2010-09-26 08:55:55	7269	1	0	89	14.65	22.46	12.21	0.69	89	0.91	
2010-09-26 08:55:56	7274	1	0	89	14.65	23.93	12.70	0.71	89	1.05	
2010-09-26 08:55:57	7279	1	0	89	13.18	22.46	12.70	0.14	90	0.75	
2010-09-26 08:55:58	7284	1	0	89	16.11	23.44	12.70	0.57	89	1.03	
2010-09-26 08:55:59	7289	1	0	89	14.65	23.93	12.70	0.91	89	0.89	
2010-09-26 08:56:00	7294	1	0	89	15.14	24.90	13.18	0.73	89	1.01	
2010-09-26 08:56:01	7299	1	0	89	13.18	22.95	12.70	0.20	90	1.03	
2010-09-26 08:56:02	7304	1	0	89	13.18	21.97	12.21	0.99	90	1.17	
2010-09-26 08:56:03	7309	1	0	89	12.21	21.00	11.72	0.91	89	1.44	
2010-09-26 08:56:05	7314	1	0	90	12.70	21.48	12.21	1.21	90	1.44	
2010-09-26 08:56:06	7319	1	0	89	13.18	22.46	12.21	0.80	90	1.26	
2010-09-26 08:56:07	7324	1	0	90	13.67	22.95	13.67	1.17	90	1.40	
2010-09-26 08:56:08	7329	1	0	90	14.65	24.41	13.18	1.19	90	1.40	
2010-09-26 08:56:09	7334	1	0	90	15.14	23.93	13.18	1.12	90	1.35	
2010-09-26 08:56:10	7339	1	0	90	14.16	23.44	13.18	1.19	90	1.33	
2010-09-26 08:56:11	7344	1	0	90	13.18	21.48	12.21	1.10	90	1.24	
2010-09-26 08:56:12	7349	1	0	89	13.18	22.46	12.70	0.67	90	1.46	
2010-09-26 08:56:13	7354	1	0	90	13.67	21.97	13.18	1.72	90	2.10	
2010-09-26 08:56:14	7359	1	0	89	13.18	21.97	13.67	1.54	89	1.97	
2010-09-26 08:56:15	7364	1	0	89	12.70	21.97	13.67	1.70	90	2.10	
2010-09-26 08:56:16	7369	1	0	89	13.18	21.48	12.70	1.33	90	1.86	
2010-09-26 08:56:17	7374	1	0	89	13.18	22.46	12.70	1.53	89	1.97	
2010-09-26 08:56:18	7379	1	0	89	13.18	22.46	13.67	1.67	89	1.95	
2010-09-26 08:56:19	7384	1	0	89	13.18	21.97	12.70	1.21	89	1.85	
2010-09-26 08:56:20	7389	1	0	90	13.18	22.95	13.18	1.83	90	1.83	
2010-09-26 08:56:21	7394	1	0	89	12.21	22.46	12.70	1.58	90	1.97	
2010-09-26 08:56:22	7399	1	0	89	13.18	22.95	13.18	1.63	89	1.99	
2010-09-26 08:56:23	7404	1	0	89	13.67	21.48	12.21	1.65	90	2.02	
2010-09-26 08:56:24	7409	1	0	89	12.70	21.00	10.74	1.60	89	1.78	
2010-09-26 08:56:26	7414	1	0	89	12.70	22.46	12.70	1.94	90	2.17	
2010-09-26 08:56:27	7419	1	0	89	12.70	21.97	13.67	1.88	89	1.97	
2010-09-26 08:56:28	7424	1	0	89	13.67	22.46	12.70	1.81	89	2.01	
2010-09-26 08:56:29	7429	1	0	89	12.21	21.97	11.72	1.88	89	1.94	
2010-09-26 08:56:30	7434	1	0	89	14.65	22.46	12.21	1.88	89	1.94	
2010-09-26 08:56:31	7439	1	0	89	13.18	22.46	13.18	1.78	89	1.90	
2010-09-26 08:56:32	7444	1	0	89	13.67	22.95	14.16	1.83	90	1.94	
2010-09-26 08:56:33	7449	1	0	89	13.18	23.44	16.60	1.76	89	1.79	
2010-09-26 08:56:34	7454	1	0	89	12.70	21.00	11.23	1.67	89	1.83	
2010-09-26 08:56:35	7459	1	0	90	15.63	24.41	13.18	1.94	90	1.99	
2010-09-26 08:56:36	7464	1	0	89	13.67	21.97	12.21	2.01	90	2.08	
2010-09-26 08:56:37	7469	1	0	89	13.18	22.46	10.25	1.44	89	2.10	
2010-09-26 08:56:38	7474	1	0	89	13.67	21.97	21.97	1.05	89	1.51	
2010-09-26 08:56:39	7479	1	0	89	13.67	21.48	18.55	1.23	89	1.21	
2010-09-26 08:56:40	7484	1	0	89	14.65	21.48	10.74	1.23	89	1.35	
2010-09-26 08:56:41	7489	1	0	89	12.21	26.86	9.77	1.47	89	1.65	
2010-09-26 08:56:42	7494	1	0	89	13.67	21.48	10.25	1.21	89	1.69	
2010-09-26 08:56:43	7499	1	0	89	13.67	21.97	11.23	1.08	89	1.46	
2010-09-26 08:56:44	7504	1	0	89	12.70	21.97	10.74	1.51	89	1.49	
2010-09-26 08:56:45	7509	1	0	89	13.67	21.00	9.28	1.19	89	1.51	
2010-09-26 08:56:47	7514	1	0	89	13.18	22.46	10.74	0.99	89	1.31	
2010-09-26 08:56:48	7519	1	0	89	11.72	20.51	9.77	0.83	89	1.01	
2010-09-26 08:56:49	7524	1	0	89	11.72	19.53	12.21	0.73	89	1.07	
2010-09-26 08:56:50	7529	1	0	89	12.21	19.04	11.23	0.78	89	0.96	
2010-09-26 08:56:51	7534	1	0	89	12.21	19.53	11.23	0.89	89	1.07	
2010-09-26 08:56:52	7539	1	0	89	11.23	20.02	11.72	0.62	89	0.94	


* All frequencies tested. Test finished.



*******************
* Stopped on 2010-09-26 08:56:52
* Frequency 7544
*******************

