
*******************
* Started on 2010-09-26 09:22:42
* Using start frequency 3000
*******************
* time frequency isPlaying aborting pressure cellTemperature mosfetTemperature ambientTemperature current maxPressure maxCurrent COMMENT
*******************
2010-09-26 09:22:45	2995	0	0	89	15.14	24.41	14.16	0.00	90	0.00	
2010-09-26 09:22:46	3000	1	0	89	15.14	24.41	13.18	1.30	89	1.31	
2010-09-26 09:22:47	3005	1	0	89	15.14	24.41	13.67	1.28	89	1.33	
2010-09-26 09:22:49	3010	1	0	89	15.14	24.41	13.18	1.12	89	1.31	
2010-09-26 09:22:50	3015	1	0	89	15.14	24.41	13.67	1.26	89	1.28	
2010-09-26 09:22:51	3020	1	0	89	15.14	24.90	13.67	1.24	89	1.33	
2010-09-26 09:22:52	3025	1	0	89	15.14	25.39	13.67	1.14	89	1.28	
2010-09-26 09:22:53	3030	1	0	89	15.14	24.90	13.18	1.12	89	1.24	
2010-09-26 09:22:54	3035	1	0	89	15.63	24.90	13.18	1.14	89	1.21	
2010-09-26 09:22:55	3040	1	0	89	15.14	24.90	13.67	1.10	89	1.19	
2010-09-26 09:22:56	3045	1	0	89	15.14	24.90	13.18	1.10	89	1.19	
2010-09-26 09:22:57	3050	1	0	89	14.65	23.44	13.18	1.35	89	1.44	
2010-09-26 09:22:58	3055	1	0	89	14.65	23.93	13.18	1.35	89	1.44	
2010-09-26 09:22:59	3060	1	0	89	14.16	23.93	13.18	1.31	89	1.47	
2010-09-26 09:23:00	3065	1	0	89	14.16	23.93	13.18	1.33	89	1.42	
2010-09-26 09:23:01	3070	1	0	89	14.65	23.93	13.18	1.31	89	1.40	
2010-09-26 09:23:02	3075	1	0	89	15.14	23.93	13.18	1.33	89	1.47	
2010-09-26 09:23:03	3080	1	0	89	14.65	23.93	13.18	1.35	89	1.46	
2010-09-26 09:23:04	3085	1	0	89	14.16	23.44	13.18	1.35	89	1.46	
2010-09-26 09:23:05	3090	1	0	89	14.65	23.93	13.67	1.65	89	1.76	
2010-09-26 09:23:06	3095	1	0	89	14.65	23.44	13.18	1.53	89	1.70	
2010-09-26 09:23:07	3100	1	0	89	14.16	23.93	13.18	1.54	89	1.74	
2010-09-26 09:23:08	3105	1	0	89	14.16	23.44	13.67	1.62	89	1.69	
2010-09-26 09:23:10	3110	1	0	89	14.16	23.93	13.67	1.58	89	1.70	
2010-09-26 09:23:11	3115	1	0	88	14.16	23.93	13.18	1.54	89	1.63	
2010-09-26 09:23:12	3120	1	0	89	14.16	23.44	13.67	1.60	89	1.76	
2010-09-26 09:23:13	3125	1	0	89	13.67	23.93	13.18	1.40	89	1.62	
2010-09-26 09:23:14	3130	1	0	89	14.16	23.93	13.67	1.56	89	1.65	
2010-09-26 09:23:15	3135	1	0	89	14.16	24.41	13.67	1.56	89	1.63	
2010-09-26 09:23:16	3140	1	0	89	14.65	23.93	13.67	1.54	89	1.78	
2010-09-26 09:23:17	3145	1	0	89	14.65	23.93	13.67	1.62	89	1.67	
2010-09-26 09:23:18	3150	1	0	89	14.65	23.93	13.67	1.58	89	1.70	
2010-09-26 09:23:19	3155	1	0	89	14.65	23.93	13.18	1.63	89	1.67	
2010-09-26 09:23:20	3160	1	0	89	14.65	23.44	13.67	1.54	89	1.67	
2010-09-26 09:23:21	3165	1	0	89	14.65	23.93	13.18	2.01	89	2.40	
2010-09-26 09:23:22	3170	1	0	89	14.65	24.41	13.18	1.92	89	2.34	
2010-09-26 09:23:23	3175	1	0	89	14.65	23.93	13.18	2.06	89	2.50	
2010-09-26 09:23:24	3180	1	0	89	14.65	23.93	13.67	2.25	89	2.50	
2010-09-26 09:23:25	3185	1	0	89	14.65	23.93	13.18	2.01	89	2.54	
2010-09-26 09:23:26	3190	1	0	89	14.65	23.93	13.18	2.01	89	2.54	
2010-09-26 09:23:27	3195	1	0	89	14.65	23.93	13.18	1.94	89	2.33	
2010-09-26 09:23:28	3200	1	0	89	14.65	23.93	13.18	1.95	89	2.34	
2010-09-26 09:23:30	3205	1	0	89	14.65	23.93	13.18	2.22	89	2.65	
2010-09-26 09:23:31	3210	1	0	89	14.65	23.93	14.16	1.47	89	2.24	
2010-09-26 09:23:32	3215	1	0	89	15.14	23.93	14.16	1.05	89	1.56	
2010-09-26 09:23:33	3220	1	0	89	15.14	23.93	14.16	0.83	89	0.98	
2010-09-26 09:23:34	3225	1	0	89	15.14	23.93	13.67	1.24	89	1.40	
2010-09-26 09:23:35	3230	1	0	89	14.65	23.93	13.67	0.89	89	1.21	
2010-09-26 09:23:36	3235	1	0	89	14.65	23.93	14.16	1.08	89	1.14	
2010-09-26 09:23:37	3240	1	0	89	14.65	23.93	14.16	0.66	89	1.03	
2010-09-26 09:23:38	3245	1	0	89	15.14	23.93	14.16	0.91	89	0.92	
2010-09-26 09:23:39	3250	1	0	89	14.65	24.41	14.16	0.76	89	0.98	
2010-09-26 09:23:40	3255	1	0	89	14.65	24.41	14.65	0.67	89	0.85	
2010-09-26 09:23:41	3260	1	0	89	15.63	24.41	15.14	0.73	89	0.98	
2010-09-26 09:23:42	3265	1	0	89	15.63	24.41	14.65	0.71	89	0.87	
2010-09-26 09:23:43	3270	1	0	89	15.14	24.90	14.65	0.75	89	0.85	
2010-09-26 09:23:44	3275	1	0	89	15.14	24.41	15.14	0.69	89	0.85	
2010-09-26 09:23:45	3280	1	0	89	15.14	24.41	14.65	0.78	89	0.91	
2010-09-26 09:23:46	3285	1	0	89	15.14	24.90	15.14	0.82	89	0.91	
2010-09-26 09:23:47	3290	1	0	88	14.16	23.93	13.67	1.21	89	1.33	
2010-09-26 09:23:48	3295	1	0	89	14.65	23.93	14.16	1.26	89	1.30	
2010-09-26 09:23:50	3300	1	0	89	14.16	24.41	14.16	1.24	89	1.31	
2010-09-26 09:23:51	3305	1	0	89	14.65	23.93	14.16	1.21	89	1.40	
2010-09-26 09:23:52	3310	1	0	89	15.14	23.44	14.16	1.33	89	1.38	
2010-09-26 09:23:53	3315	1	0	88	14.65	23.93	13.67	1.17	89	1.30	
2010-09-26 09:23:54	3320	1	0	89	14.65	23.93	14.16	1.08	89	1.26	
2010-09-26 09:23:55	3325	1	0	89	14.65	23.93	13.67	1.31	89	1.40	
2010-09-26 09:23:56	3330	1	0	89	14.16	23.44	13.67	1.21	89	1.37	
2010-09-26 09:23:57	3335	1	0	88	14.65	23.93	13.67	1.15	89	1.30	
2010-09-26 09:23:58	3340	1	0	88	14.65	24.41	14.16	1.08	89	1.26	
2010-09-26 09:23:59	3345	1	0	89	14.65	23.93	13.67	1.21	89	1.30	
2010-09-26 09:24:00	3350	1	0	89	14.65	23.93	13.67	1.15	89	1.30	
2010-09-26 09:24:01	3355	1	0	88	14.65	23.44	13.67	1.08	89	1.30	
2010-09-26 09:24:02	3360	1	0	88	14.65	23.93	13.67	1.21	89	1.33	
2010-09-26 09:24:03	3365	1	0	88	14.65	23.93	13.67	1.21	88	1.33	
2010-09-26 09:24:04	3370	1	0	88	14.65	23.44	13.67	1.17	88	1.24	
2010-09-26 09:24:05	3375	1	0	88	14.65	23.93	13.67	1.24	88	1.28	
2010-09-26 09:24:06	3380	1	0	88	15.14	23.93	13.67	1.40	89	1.62	
2010-09-26 09:24:07	3385	1	0	89	15.14	23.93	13.67	1.56	89	1.62	
2010-09-26 09:24:08	3390	1	0	88	14.65	23.93	14.16	1.49	89	1.60	
2010-09-26 09:24:09	3395	1	0	89	14.65	24.41	13.67	1.46	89	1.69	
2010-09-26 09:24:11	3400	1	0	89	14.65	24.41	13.67	1.44	89	1.54	
2010-09-26 09:24:12	3405	1	0	88	15.14	23.44	13.67	1.40	89	1.56	
2010-09-26 09:24:13	3410	1	0	89	14.65	24.41	13.67	1.54	89	1.67	
2010-09-26 09:24:14	3415	1	0	89	15.14	23.93	14.16	1.54	89	1.65	
2010-09-26 09:24:15	3420	1	0	89	14.65	24.41	14.16	1.47	89	1.63	
2010-09-26 09:24:16	3425	1	0	88	14.65	23.44	13.67	1.51	89	1.70	
2010-09-26 09:24:17	3430	1	0	89	14.65	23.93	13.67	1.63	89	1.72	
2010-09-26 09:24:18	3435	1	0	88	14.65	23.44	14.16	1.47	89	1.62	
2010-09-26 09:24:19	3440	1	0	88	14.65	23.93	13.67	1.54	89	1.69	
2010-09-26 09:24:20	3445	1	0	88	14.16	23.44	13.67	1.56	88	1.72	
2010-09-26 09:24:21	3450	1	0	88	14.65	23.93	13.67	1.49	89	1.67	
2010-09-26 09:24:22	3455	1	0	88	14.16	23.93	13.18	1.56	89	1.60	
2010-09-26 09:24:23	3460	1	0	89	14.16	23.93	13.18	1.54	89	1.67	
2010-09-26 09:24:24	3465	1	0	89	14.65	23.44	13.67	1.53	89	1.67	
2010-09-26 09:24:25	3470	1	0	88	14.16	23.44	13.67	1.53	89	1.65	
2010-09-26 09:24:26	3475	1	0	88	14.65	23.44	13.67	2.01	88	2.17	
2010-09-26 09:24:27	3480	1	0	88	14.65	23.93	13.67	1.99	89	2.38	
2010-09-26 09:24:28	3485	1	0	89	14.65	23.93	13.67	1.76	89	2.54	
2010-09-26 09:24:29	3490	1	0	89	14.65	23.44	13.67	1.76	89	2.27	
2010-09-26 09:24:31	3495	1	0	88	14.16	23.93	13.67	1.86	89	2.54	
2010-09-26 09:24:32	3500	1	0	88	14.16	23.93	13.18	1.74	89	2.31	
2010-09-26 09:24:33	3505	1	0	89	14.16	23.93	13.67	2.11	89	2.56	
2010-09-26 09:24:34	3510	1	0	88	14.65	24.41	13.67	1.92	89	2.33	
2010-09-26 09:24:35	3515	1	0	88	14.16	23.93	13.18	1.78	89	2.02	
2010-09-26 09:24:36	3520	1	0	89	14.16	23.93	13.67	1.92	89	2.36	
2010-09-26 09:24:37	3525	1	0	89	15.14	24.90	14.16	0.83	89	1.90	
2010-09-26 09:24:38	3530	1	0	89	15.14	24.90	13.18	1.10	89	1.24	
2010-09-26 09:24:39	3535	1	0	89	14.65	24.90	13.67	0.48	89	1.30	
2010-09-26 09:24:40	3540	1	0	88	14.65	24.41	13.67	0.37	89	0.73	
2010-09-26 09:24:41	3545	1	0	89	15.14	24.90	14.16	0.44	89	0.59	
2010-09-26 09:24:42	3550	1	0	88	15.63	24.90	12.21	1.46	89	1.49	
2010-09-26 09:24:43	3555	1	0	88	15.14	24.90	13.18	1.37	89	1.42	
2010-09-26 09:24:44	3560	1	0	88	15.14	24.41	14.16	0.44	88	1.42	
2010-09-26 09:24:45	3565	1	0	88	15.14	24.90	14.16	0.39	88	0.57	
2010-09-26 09:24:46	3570	1	0	88	15.63	24.90	12.21	1.44	89	1.46	
2010-09-26 09:24:47	3575	1	0	88	14.65	23.44	13.67	1.05	88	1.42	
2010-09-26 09:24:48	3580	1	0	89	14.65	23.93	13.67	0.96	89	1.28	
2010-09-26 09:24:49	3585	1	0	88	15.14	23.93	13.67	1.05	89	1.17	
2010-09-26 09:24:50	3590	1	0	88	15.14	24.41	13.18	0.91	89	1.15	
2010-09-26 09:24:52	3595	1	0	88	14.65	23.93	13.67	1.10	88	1.23	
2010-09-26 09:24:53	3600	1	0	88	14.65	24.41	13.67	0.91	89	1.10	
2010-09-26 09:24:54	3605	1	0	89	14.65	23.44	13.18	0.89	89	1.26	
2010-09-26 09:24:55	3610	1	0	88	14.65	24.41	13.67	0.91	89	0.98	
2010-09-26 09:24:56	3615	1	0	89	14.16	23.44	13.67	0.92	89	1.17	
2010-09-26 09:24:57	3620	1	0	88	15.14	24.41	13.18	0.96	89	0.98	
2010-09-26 09:24:58	3625	1	0	88	15.14	24.41	13.18	1.15	89	1.26	
2010-09-26 09:24:59	3630	1	0	88	15.14	24.41	13.67	1.07	88	1.30	
2010-09-26 09:25:00	3635	1	0	88	15.14	24.41	13.67	1.12	88	1.17	
2010-09-26 09:25:01	3640	1	0	88	15.14	24.41	13.67	1.15	88	1.19	
2010-09-26 09:25:02	3645	1	0	88	15.14	24.41	13.67	1.07	88	1.19	
2010-09-26 09:25:03	3650	1	0	88	15.14	24.41	13.67	1.14	88	1.14	
2010-09-26 09:25:04	3655	1	0	89	15.14	24.41	13.67	1.15	89	1.19	
2010-09-26 09:25:05	3660	1	0	88	15.14	23.93	13.67	1.08	89	1.26	
2010-09-26 09:25:06	3665	1	0	88	15.14	24.41	13.67	1.12	88	1.17	
2010-09-26 09:25:07	3670	1	0	88	15.14	23.93	13.18	1.17	89	1.30	
2010-09-26 09:25:08	3675	1	0	88	15.14	24.41	13.67	1.07	88	1.21	
2010-09-26 09:25:09	3680	1	0	88	15.14	24.41	14.16	1.33	89	1.38	
2010-09-26 09:25:10	3685	1	0	88	15.14	24.41	13.67	1.35	89	1.54	
2010-09-26 09:25:12	3690	1	0	88	15.14	24.41	14.16	1.35	89	1.49	
2010-09-26 09:25:13	3695	1	0	88	15.14	24.41	13.67	1.31	89	1.56	
2010-09-26 09:25:14	3700	1	0	88	15.14	24.41	13.67	1.38	89	1.65	
2010-09-26 09:25:15	3705	1	0	88	15.14	24.41	14.16	1.35	89	1.49	
2010-09-26 09:25:16	3710	1	0	88	15.14	24.41	14.16	1.30	89	1.62	
2010-09-26 09:25:17	3715	1	0	88	15.14	24.41	14.16	1.42	89	1.58	
2010-09-26 09:25:18	3720	1	0	88	15.14	24.41	13.67	1.42	89	1.56	
2010-09-26 09:25:19	3725	1	0	88	15.14	24.41	14.16	1.37	89	1.58	
2010-09-26 09:25:20	3730	1	0	88	14.65	24.41	13.67	1.31	89	1.63	
2010-09-26 09:25:21	3735	1	0	89	14.65	23.93	13.67	1.83	89	1.85	
2010-09-26 09:25:22	3740	1	0	89	15.14	23.93	13.67	1.67	89	1.88	
2010-09-26 09:25:23	3745	1	0	88	15.14	23.93	13.67	1.74	89	1.79	
2010-09-26 09:25:24	3750	1	0	88	15.14	24.41	13.67	1.63	89	1.81	
2010-09-26 09:25:25	3755	1	0	89	14.65	23.93	13.18	1.42	89	1.69	
2010-09-26 09:25:26	3760	1	0	89	15.14	23.93	13.67	1.62	89	1.76	
2010-09-26 09:25:27	3765	1	0	89	15.14	23.93	13.67	1.51	89	1.67	
2010-09-26 09:25:28	3770	1	0	89	15.14	24.41	13.67	1.49	89	1.65	
2010-09-26 09:25:29	3775	1	0	89	15.14	23.93	13.67	1.70	89	1.85	
2010-09-26 09:25:30	3780	1	0	89	16.11	24.90	14.65	1.46	89	1.65	
2010-09-26 09:25:31	3785	1	0	89	15.14	24.41	14.65	1.38	89	1.56	
2010-09-26 09:25:33	3790	1	0	89	14.65	24.41	13.67	2.43	89	2.68	
2010-09-26 09:25:34	3795	1	0	89	15.14	24.41	13.67	2.56	89	2.59	
2010-09-26 09:25:35	3800	1	0	89	14.65	23.93	13.67	2.41	89	2.54	
2010-09-26 09:25:36	3805	1	0	89	15.14	24.41	13.67	2.54	89	2.57	
2010-09-26 09:25:37	3810	1	0	89	14.65	23.93	13.67	2.43	89	2.52	
2010-09-26 09:25:38	3815	1	0	88	14.65	23.93	13.67	2.41	89	2.57	
2010-09-26 09:25:39	3820	1	0	89	14.16	23.93	13.18	2.13	89	2.56	
2010-09-26 09:25:40	3825	1	0	89	14.65	24.41	13.67	2.38	89	2.45	
2010-09-26 09:25:41	3830	1	0	88	14.65	23.93	13.67	2.17	89	2.52	
2010-09-26 09:25:42	3835	1	0	89	15.14	23.93	12.70	2.31	88	2.41	
2010-09-26 09:25:43	3840	1	0	88	14.65	24.41	13.67	2.49	89	2.52	
2010-09-26 09:25:44	3845	1	0	88	14.65	24.41	13.67	2.18	89	2.43	
2010-09-26 09:25:45	3850	1	0	88	15.14	23.93	11.72	1.28	89	2.10	
2010-09-26 09:25:46	3855	1	0	88	14.16	23.93	12.70	0.55	89	1.30	
2010-09-26 09:25:47	3860	1	0	88	14.65	23.44	12.21	0.80	89	0.91	
2010-09-26 09:25:48	3865	1	0	88	14.65	23.93	11.72	0.98	89	0.98	
2010-09-26 09:25:49	3870	1	0	88	14.65	23.93	12.21	0.57	88	0.96	
2010-09-26 09:25:50	3875	1	0	88	15.14	24.41	13.67	0.23	88	0.64	
2010-09-26 09:25:51	3880	1	0	88	15.14	23.93	13.67	0.21	88	0.64	
2010-09-26 09:25:52	3885	1	0	88	14.16	23.44	13.67	0.44	88	0.60	
2010-09-26 09:25:54	3890	1	0	88	15.14	22.46	12.21	0.64	89	0.66	
2010-09-26 09:25:55	3895	1	0	88	15.14	24.41	13.18	0.41	89	0.73	
2010-09-26 09:25:56	3900	1	0	89	14.65	24.41	13.67	0.30	89	0.51	
2010-09-26 09:25:57	3905	1	0	89	15.14	24.41	14.16	0.39	89	0.55	
2010-09-26 09:25:58	3910	1	0	88	15.14	23.44	14.65	0.39	89	0.57	
2010-09-26 09:25:59	3915	1	0	88	15.14	24.41	13.67	0.73	88	0.98	
2010-09-26 09:26:00	3920	1	0	88	15.63	23.93	14.16	0.67	88	0.91	
2010-09-26 09:26:01	3925	1	0	88	14.65	23.93	13.67	0.98	88	1.21	
2010-09-26 09:26:02	3930	1	0	88	14.65	23.93	13.67	1.17	88	1.21	
2010-09-26 09:26:03	3935	1	0	88	14.65	23.93	13.67	1.05	88	1.23	
2010-09-26 09:26:04	3940	1	0	88	15.14	24.41	14.16	1.26	88	1.35	
2010-09-26 09:26:05	3945	1	0	88	15.63	24.41	14.65	1.07	88	1.31	
2010-09-26 09:26:06	3950	1	0	88	14.65	24.41	13.67	1.15	88	1.24	
2010-09-26 09:26:07	3955	1	0	88	14.65	23.93	13.67	1.26	88	1.24	
2010-09-26 09:26:08	3960	1	0	88	15.14	23.93	13.67	1.15	88	1.33	
2010-09-26 09:26:09	3965	1	0	88	15.14	24.41	13.67	1.26	88	1.26	
2010-09-26 09:26:10	3970	1	0	88	14.65	24.41	13.67	1.12	88	1.30	
2010-09-26 09:26:11	3975	1	0	88	14.16	24.41	14.16	1.15	88	1.19	
2010-09-26 09:26:12	3980	1	0	88	14.65	24.41	13.67	1.19	88	1.28	
2010-09-26 09:26:14	3985	1	0	88	14.65	23.93	13.67	1.17	88	1.30	
2010-09-26 09:26:15	3990	1	0	88	14.65	24.41	13.18	1.14	88	1.28	
2010-09-26 09:26:16	3995	1	0	88	15.14	23.93	13.67	1.10	88	1.21	
2010-09-26 09:26:17	4000	1	0	88	15.14	23.93	13.67	1.24	88	1.26	
2010-09-26 09:26:18	4005	1	0	88	15.14	23.93	13.18	1.30	88	1.40	
2010-09-26 09:26:19	4010	1	0	88	15.14	23.93	14.16	1.24	88	1.37	
2010-09-26 09:26:20	4015	1	0	88	14.65	23.93	14.16	1.31	88	1.40	
2010-09-26 09:26:21	4020	1	0	88	14.65	23.44	13.18	1.37	88	1.51	
2010-09-26 09:26:22	4025	1	0	88	14.16	23.44	13.18	1.42	88	1.56	
2010-09-26 09:26:23	4030	1	0	88	15.14	23.44	12.70	1.56	88	1.58	
2010-09-26 09:26:24	4035	1	0	88	15.14	23.93	13.67	1.54	88	1.67	
2010-09-26 09:26:25	4040	1	0	88	15.63	24.90	13.67	1.63	88	1.65	
2010-09-26 09:26:26	4045	1	0	88	14.65	25.39	14.65	1.58	88	1.69	
2010-09-26 09:26:27	4050	1	0	88	15.14	26.37	14.16	1.67	88	1.79	
2010-09-26 09:26:28	4055	1	0	88	15.14	23.93	14.16	1.65	88	1.74	
2010-09-26 09:26:29	4060	1	0	88	14.65	23.93	13.67	1.62	88	1.70	
2010-09-26 09:26:30	4065	1	0	88	15.14	24.90	13.67	1.69	88	1.70	
2010-09-26 09:26:31	4070	1	0	88	15.14	24.41	14.16	1.54	88	1.70	
2010-09-26 09:26:32	4075	1	0	88	15.63	23.93	14.16	1.69	88	1.74	
2010-09-26 09:26:33	4080	1	0	88	14.65	24.90	13.67	1.60	88	1.74	
2010-09-26 09:26:35	4085	1	0	88	14.65	24.41	13.67	1.70	88	1.79	
2010-09-26 09:26:36	4090	1	0	88	14.65	23.93	13.67	1.37	88	1.70	
2010-09-26 09:26:37	4095	1	0	88	14.16	24.41	13.67	1.42	88	1.58	
2010-09-26 09:26:38	4100	1	0	88	15.14	24.41	14.16	1.62	88	2.11	
2010-09-26 09:26:39	4105	1	0	88	15.63	24.90	13.67	1.62	88	1.81	
2010-09-26 09:26:40	4110	1	0	88	14.65	24.41	14.16	1.65	88	1.97	
2010-09-26 09:26:41	4115	1	0	88	15.14	24.90	14.16	1.49	88	1.90	
2010-09-26 09:26:42	4120	1	0	88	15.14	23.93	14.16	1.86	88	2.50	
2010-09-26 09:26:43	4125	1	0	88	15.14	24.90	13.67	2.04	88	2.25	
2010-09-26 09:26:44	4130	1	0	88	14.65	24.90	14.65	1.92	88	2.40	
2010-09-26 09:26:45	4135	1	0	88	15.14	24.90	14.16	2.45	88	2.47	
2010-09-26 09:26:46	4140	1	0	88	15.14	24.41	13.67	2.20	88	2.38	
2010-09-26 09:26:47	4145	1	0	88	15.14	24.41	14.16	2.41	88	2.43	
2010-09-26 09:26:48	4150	1	0	88	15.14	23.93	13.67	2.18	88	2.38	
2010-09-26 09:26:49	4155	1	0	88	15.14	22.95	13.67	2.11	88	2.18	
2010-09-26 09:26:50	4160	1	0	88	15.63	23.44	13.67	2.06	88	2.13	
2010-09-26 09:26:51	4165	1	0	88	15.63	23.44	13.67	2.10	88	2.13	
2010-09-26 09:26:52	4170	1	0	88	15.63	23.93	13.67	1.58	88	2.13	
2010-09-26 09:26:53	4175	1	0	88	15.14	23.93	13.67	1.26	88	1.56	
2010-09-26 09:26:55	4180	1	0	88	15.63	23.93	13.67	1.28	88	1.31	
2010-09-26 09:26:56	4185	1	0	88	15.63	23.93	13.67	0.87	88	1.26	
2010-09-26 09:26:57	4190	1	0	88	15.63	23.93	13.67	0.66	88	0.96	
2010-09-26 09:26:58	4195	1	0	88	15.63	23.93	13.67	0.66	88	0.91	
2010-09-26 09:26:59	4200	1	0	88	15.14	23.93	13.67	0.51	88	0.66	
2010-09-26 09:27:00	4205	1	0	88	14.65	24.41	14.16	0.20	88	0.50	
2010-09-26 09:27:01	4210	1	0	88	15.63	24.41	14.16	0.20	88	0.39	
2010-09-26 09:27:02	4215	1	0	88	15.14	24.90	15.14	0.21	88	0.36	
2010-09-26 09:27:03	4220	1	0	88	15.14	24.41	14.16	0.09	89	0.43	
2010-09-26 09:27:04	4225	1	0	88	15.63	24.90	14.16	0.57	89	0.91	
2010-09-26 09:27:05	4230	1	0	88	15.14	24.41	14.16	0.37	89	0.64	
2010-09-26 09:27:06	4235	1	0	88	15.63	24.41	13.67	0.53	89	0.73	
2010-09-26 09:27:07	4240	1	0	88	15.63	24.41	13.67	1.08	88	1.12	
2010-09-26 09:27:08	4245	1	0	88	14.65	24.41	14.16	0.96	88	1.15	
2010-09-26 09:27:09	4250	1	0	88	17.09	24.41	13.18	0.87	88	1.12	
2010-09-26 09:27:10	4255	1	0	88	15.14	24.41	14.16	0.99	88	1.19	
2010-09-26 09:27:11	4260	1	0	88	15.14	26.37	13.67	1.19	88	1.26	
2010-09-26 09:27:12	4265	1	0	88	16.60	24.41	13.67	1.26	88	1.31	
2010-09-26 09:27:13	4270	1	0	88	15.63	24.41	13.67	1.19	88	1.28	
2010-09-26 09:27:14	4275	1	0	88	15.14	24.41	14.16	1.08	88	1.23	
2010-09-26 09:27:16	4280	1	0	88	15.14	24.41	14.65	1.12	88	1.26	
2010-09-26 09:27:17	4285	1	0	88	15.14	23.93	13.67	1.14	88	1.23	
2010-09-26 09:27:18	4290	1	0	88	14.65	24.41	13.67	1.23	89	1.31	
2010-09-26 09:27:19	4295	1	0	88	19.04	26.86	14.65	1.14	88	1.31	
2010-09-26 09:27:20	4300	1	0	88	18.07	25.88	13.67	1.17	88	1.24	
2010-09-26 09:27:21	4305	1	0	88	17.09	25.39	17.58	1.19	88	1.26	
2010-09-26 09:27:22	4310	1	0	88	18.07	27.34	15.14	1.19	88	1.28	
2010-09-26 09:27:23	4315	1	0	88	15.14	23.93	13.67	1.35	88	1.35	
2010-09-26 09:27:24	4320	1	0	88	15.14	24.90	13.67	1.24	88	1.40	
2010-09-26 09:27:25	4325	1	0	88	15.14	24.90	14.65	1.28	88	1.37	
2010-09-26 09:27:26	4330	1	0	88	15.14	23.93	13.67	1.38	88	1.54	
2010-09-26 09:27:27	4335	1	0	88	15.63	24.41	13.67	1.38	88	1.62	
2010-09-26 09:27:28	4340	1	0	88	15.14	24.41	13.67	1.42	88	1.47	
2010-09-26 09:27:29	4345	1	0	88	15.63	23.93	13.67	1.38	88	1.51	
2010-09-26 09:27:30	4350	1	0	88	15.63	24.41	15.63	1.63	88	1.69	
2010-09-26 09:27:31	4355	1	0	88	15.14	24.41	14.16	1.60	88	1.72	
2010-09-26 09:27:32	4360	1	0	88	15.14	24.41	13.67	1.67	88	1.70	
2010-09-26 09:27:33	4365	1	0	88	15.14	24.41	13.67	1.69	88	1.72	
2010-09-26 09:27:34	4370	1	0	88	16.11	24.90	14.65	1.76	88	1.81	
2010-09-26 09:27:35	4375	1	0	88	15.63	25.39	14.65	1.72	88	1.78	
2010-09-26 09:27:37	4380	1	0	88	15.63	25.39	14.65	1.79	88	1.79	
2010-09-26 09:27:38	4385	1	0	88	15.63	25.39	14.65	1.60	88	1.72	
2010-09-26 09:27:39	4390	1	0	88	15.14	23.93	14.16	1.69	88	1.81	
2010-09-26 09:27:40	4395	1	0	88	14.65	24.90	14.16	1.49	88	1.76	
2010-09-26 09:27:41	4400	1	0	88	15.14	23.93	14.16	1.62	88	1.79	
2010-09-26 09:27:42	4405	1	0	88	14.16	23.93	14.16	1.58	88	1.72	
2010-09-26 09:27:43	4410	1	0	88	15.63	23.93	14.65	1.70	88	1.81	
2010-09-26 09:27:44	4415	1	0	88	14.65	23.93	13.67	1.62	88	2.18	
2010-09-26 09:27:45	4420	1	0	88	15.14	24.41	14.16	1.67	88	1.95	
2010-09-26 09:27:46	4425	1	0	88	15.14	24.41	14.16	2.02	88	2.31	
2010-09-26 09:27:47	4430	1	0	88	15.14	24.41	15.63	1.95	88	2.20	
2010-09-26 09:27:48	4435	1	0	88	16.60	24.41	14.65	1.99	88	2.41	
2010-09-26 09:27:49	4440	1	0	88	15.14	24.90	14.65	2.01	88	2.15	
2010-09-26 09:27:50	4445	1	0	89	15.14	24.90	18.07	2.24	89	2.25	
2010-09-26 09:27:51	4450	1	0	88	17.09	24.90	15.63	2.02	89	2.36	
2010-09-26 09:27:52	4455	1	0	88	16.11	24.90	15.14	1.88	89	2.29	
2010-09-26 09:27:53	4460	1	0	88	16.60	24.41	14.16	1.53	89	2.01	
2010-09-26 09:27:54	4465	1	0	88	15.14	24.90	13.67	1.62	88	1.65	
2010-09-26 09:27:55	4470	1	0	88	15.14	24.90	16.60	1.60	88	1.67	
2010-09-26 09:27:56	4475	1	0	88	15.63	24.90	14.16	1.65	88	1.67	
2010-09-26 09:27:58	4480	1	0	88	15.63	24.90	13.67	1.88	88	1.90	
2010-09-26 09:27:59	4485	1	0	88	16.11	24.90	13.67	1.12	88	1.88	
2010-09-26 09:28:00	4490	1	0	88	16.60	24.90	13.67	1.08	88	1.19	
2010-09-26 09:28:01	4495	1	0	88	15.14	24.90	14.16	0.92	88	1.14	
2010-09-26 09:28:02	4500	1	0	88	16.11	24.90	14.16	0.98	88	1.08	
2010-09-26 09:28:03	4505	1	0	88	14.16	26.37	14.16	0.32	88	0.96	
2010-09-26 09:28:04	4510	1	0	88	14.65	24.90	15.14	0.23	88	0.59	
2010-09-26 09:28:05	4515	1	0	88	15.63	25.39	14.65	0.27	88	0.44	
2010-09-26 09:28:06	4520	1	0	88	15.14	25.88	14.16	0.21	88	0.44	
2010-09-26 09:28:07	4525	1	0	88	15.14	24.90	15.63	0.48	88	0.60	
2010-09-26 09:28:08	4530	1	0	88	17.58	24.41	18.55	0.43	88	0.66	
2010-09-26 09:28:09	4535	1	0	88	17.09	24.41	16.11	0.37	88	0.67	
2010-09-26 09:28:10	4540	1	0	88	17.58	23.93	17.09	0.37	88	0.66	
2010-09-26 09:28:11	4545	1	0	88	15.63	23.93	15.14	0.46	88	0.62	
2010-09-26 09:28:12	4550	1	0	88	15.63	24.41	14.65	0.91	88	1.03	
2010-09-26 09:28:13	4555	1	0	88	16.11	24.90	14.65	1.08	88	1.19	
2010-09-26 09:28:14	4560	1	0	88	14.65	24.41	15.63	1.07	88	1.19	
2010-09-26 09:28:15	4565	1	0	88	15.63	24.41	14.16	0.98	88	1.17	
2010-09-26 09:28:16	4570	1	0	88	15.63	23.93	14.16	1.10	88	1.19	
2010-09-26 09:28:18	4575	1	0	88	15.63	25.39	14.16	1.12	88	1.17	
2010-09-26 09:28:19	4580	1	0	88	15.14	24.41	14.65	1.15	88	1.30	
2010-09-26 09:28:20	4585	1	0	88	16.11	23.93	14.65	1.17	88	1.31	
2010-09-26 09:28:21	4590	1	0	88	15.14	25.88	14.16	1.17	88	1.23	
2010-09-26 09:28:22	4595	1	0	88	15.14	24.41	13.67	1.12	88	1.21	
2010-09-26 09:28:23	4600	1	0	88	15.14	24.90	13.67	1.14	88	1.23	
2010-09-26 09:28:24	4605	1	0	88	15.14	25.39	14.65	1.17	88	1.23	
2010-09-26 09:28:25	4610	1	0	88	15.14	24.90	13.67	1.08	88	1.26	
2010-09-26 09:28:26	4615	1	0	88	15.14	24.41	13.67	1.14	88	1.28	
2010-09-26 09:28:27	4620	1	0	88	15.14	24.41	13.67	1.15	88	1.33	
2010-09-26 09:28:28	4625	1	0	88	15.14	24.90	13.67	1.19	88	1.26	
2010-09-26 09:28:29	4630	1	0	88	15.14	24.90	14.16	1.40	88	1.53	
2010-09-26 09:28:30	4635	1	0	88	15.63	24.90	14.16	1.40	88	1.46	
2010-09-26 09:28:31	4640	1	0	88	15.63	24.90	13.67	1.38	88	1.47	
2010-09-26 09:28:32	4645	1	0	88	15.63	24.90	14.16	1.37	88	1.51	
2010-09-26 09:28:33	4650	1	0	88	16.60	25.88	14.16	1.46	88	1.44	
2010-09-26 09:28:34	4655	1	0	88	15.14	24.90	13.18	1.60	88	1.65	
2010-09-26 09:28:35	4660	1	0	88	15.14	24.41	14.65	1.65	88	1.74	
2010-09-26 09:28:36	4665	1	0	88	15.14	24.90	13.67	1.56	88	1.76	
2010-09-26 09:28:37	4670	1	0	88	15.63	24.90	14.65	1.49	88	1.72	
2010-09-26 09:28:39	4675	1	0	88	15.63	24.41	14.16	1.62	88	1.79	
2010-09-26 09:28:40	4680	1	0	88	14.65	24.41	14.65	1.72	88	1.90	
2010-09-26 09:28:41	4685	1	0	88	17.09	26.86	15.14	1.72	88	1.81	
2010-09-26 09:28:42	4690	1	0	88	14.65	24.90	14.16	1.72	88	1.79	
2010-09-26 09:28:43	4695	1	0	88	14.65	24.41	13.67	1.60	88	2.01	
2010-09-26 09:28:44	4700	1	0	88	14.65	24.41	13.67	1.65	88	1.83	
2010-09-26 09:28:45	4705	1	0	88	14.65	24.90	14.16	1.69	88	1.81	
2010-09-26 09:28:46	4710	1	0	88	14.65	24.41	14.16	1.58	88	1.67	
2010-09-26 09:28:47	4715	1	0	88	14.65	23.93	14.16	1.69	88	1.90	
2010-09-26 09:28:48	4720	1	0	88	15.14	24.90	14.65	1.83	88	2.06	
2010-09-26 09:28:49	4725	1	0	88	14.65	25.39	14.65	1.90	88	2.13	
2010-09-26 09:28:50	4730	1	0	88	15.63	25.88	15.14	1.67	88	2.24	
2010-09-26 09:28:51	4735	1	0	88	15.14	24.41	15.14	1.69	88	2.15	
2010-09-26 09:28:52	4740	1	0	88	16.11	24.90	14.65	2.31	88	2.34	
2010-09-26 09:28:53	4745	1	0	88	14.65	24.90	15.14	2.22	89	2.36	
2010-09-26 09:28:54	4750	1	0	88	15.63	25.39	14.65	2.38	89	2.36	
2010-09-26 09:28:55	4755	1	0	88	14.65	25.39	14.65	1.76	89	2.43	
2010-09-26 09:28:56	4760	1	0	88	15.63	24.41	14.16	2.15	88	2.31	
2010-09-26 09:28:57	4765	1	0	88	15.63	24.90	15.14	2.08	88	2.18	
2010-09-26 09:28:58	4770	1	0	88	15.63	24.90	14.65	2.01	88	2.08	
2010-09-26 09:29:00	4775	1	0	88	15.14	24.41	15.14	1.97	89	2.06	
2010-09-26 09:29:01	4780	1	0	89	15.14	24.90	14.65	2.11	89	2.24	
2010-09-26 09:29:02	4785	1	0	89	15.63	24.41	14.16	1.94	89	2.04	
2010-09-26 09:29:03	4790	1	0	89	15.63	24.41	14.16	1.31	89	2.08	
2010-09-26 09:29:04	4795	1	0	89	15.63	24.90	14.16	1.31	89	1.40	
2010-09-26 09:29:05	4800	1	0	89	15.63	24.41	14.16	1.24	89	1.30	
2010-09-26 09:29:06	4805	1	0	89	15.63	24.41	14.16	1.21	89	1.26	
2010-09-26 09:29:07	4810	1	0	89	16.60	24.41	15.14	0.30	89	1.28	
2010-09-26 09:29:08	4815	1	0	89	17.09	24.41	16.60	0.28	89	0.48	
2010-09-26 09:29:09	4820	1	0	89	15.63	23.44	16.60	0.28	89	0.39	
2010-09-26 09:29:10	4825	1	0	89	15.63	24.90	16.11	0.32	89	0.46	
2010-09-26 09:29:11	4830	1	0	89	15.63	24.41	16.11	0.27	89	0.44	
2010-09-26 09:29:12	4835	1	0	89	15.63	23.93	17.09	0.43	89	0.75	
2010-09-26 09:29:13	4840	1	0	89	18.07	23.93	15.14	0.57	89	0.76	
2010-09-26 09:29:14	4845	1	0	89	16.11	24.90	16.60	0.76	89	0.87	
2010-09-26 09:29:15	4850	1	0	89	15.63	24.41	17.09	0.48	89	0.75	
2010-09-26 09:29:16	4855	1	0	89	16.11	24.41	15.14	1.05	89	1.17	
2010-09-26 09:29:17	4860	1	0	89	15.63	24.90	14.65	1.17	89	1.26	
2010-09-26 09:29:18	4865	1	0	89	15.14	24.41	14.65	1.08	89	1.17	
2010-09-26 09:29:20	4870	1	0	89	15.63	24.90	15.14	1.17	89	1.19	
2010-09-26 09:29:21	4875	1	0	89	15.14	24.41	14.65	1.21	89	1.28	
2010-09-26 09:29:22	4880	1	0	89	15.63	24.41	14.16	1.21	89	1.35	
2010-09-26 09:29:23	4885	1	0	89	15.63	24.41	14.65	1.24	89	1.38	
2010-09-26 09:29:24	4890	1	0	89	15.14	24.90	14.65	1.28	89	1.44	
2010-09-26 09:29:25	4895	1	0	89	15.63	24.90	14.16	1.28	89	1.40	
2010-09-26 09:29:26	4900	1	0	89	15.14	24.41	14.16	1.30	89	1.40	
2010-09-26 09:29:27	4905	1	0	89	15.63	24.90	14.16	1.08	89	1.38	
2010-09-26 09:29:28	4910	1	0	89	15.63	25.88	13.67	1.24	89	1.28	
2010-09-26 09:29:29	4915	1	0	89	15.63	24.41	14.65	1.10	89	1.28	
2010-09-26 09:29:30	4920	1	0	89	15.63	24.90	14.65	1.19	89	1.21	
2010-09-26 09:29:31	4925	1	0	89	15.63	24.41	15.14	1.12	89	1.21	
2010-09-26 09:29:32	4930	1	0	89	15.63	24.41	14.65	1.30	89	1.46	
2010-09-26 09:29:33	4935	1	0	89	15.63	24.41	14.65	1.28	89	1.40	
2010-09-26 09:29:34	4940	1	0	89	15.63	24.41	14.65	1.24	89	1.44	
2010-09-26 09:29:35	4945	1	0	89	15.63	24.41	14.65	1.24	89	1.38	
2010-09-26 09:29:36	4950	1	0	89	15.14	24.41	14.65	1.26	89	1.31	
2010-09-26 09:29:37	4955	1	0	89	15.63	24.90	14.65	1.58	89	1.60	
2010-09-26 09:29:38	4960	1	0	89	15.63	25.39	14.65	1.53	89	1.72	
2010-09-26 09:29:39	4965	1	0	89	15.14	24.90	14.16	1.58	89	1.60	
2010-09-26 09:29:41	4970	1	0	89	15.63	24.41	14.65	1.54	89	1.70	
2010-09-26 09:29:42	4975	1	0	89	15.14	24.41	14.65	1.60	89	1.65	
2010-09-26 09:29:43	4980	1	0	89	15.14	24.41	14.16	1.78	89	1.79	
2010-09-26 09:29:44	4985	1	0	89	15.14	24.41	14.16	1.85	89	2.08	
2010-09-26 09:29:45	4990	1	0	89	14.65	23.93	13.67	1.76	89	1.85	
2010-09-26 09:29:46	4995	1	0	89	14.65	23.44	13.67	1.67	89	1.90	
2010-09-26 09:29:47	5000	1	0	89	14.16	23.93	13.18	1.62	89	1.72	
2010-09-26 09:29:48	5005	1	0	89	15.14	24.90	14.16	1.60	89	1.86	
2010-09-26 09:29:49	5010	1	0	89	15.63	23.93	14.65	1.58	89	1.86	
2010-09-26 09:29:50	5015	1	0	89	15.63	24.41	14.16	1.54	89	1.65	
2010-09-26 09:29:51	5020	1	0	89	15.63	24.41	14.65	1.69	89	2.15	
2010-09-26 09:29:52	5025	1	0	88	16.11	24.41	14.16	1.63	89	2.11	
2010-09-26 09:29:53	5030	1	0	88	15.63	23.93	14.16	1.88	89	2.08	
2010-09-26 09:29:54	5035	1	0	88	16.60	23.93	13.67	1.65	89	2.22	
2010-09-26 09:29:55	5040	1	0	89	15.63	23.93	13.67	1.94	89	2.20	
2010-09-26 09:29:56	5045	1	0	88	16.11	25.39	13.67	1.92	89	2.06	
2010-09-26 09:29:57	5050	1	0	88	16.11	24.90	14.65	1.88	89	2.10	
2010-09-26 09:29:58	5055	1	0	89	15.14	24.41	14.65	2.15	89	2.20	
2010-09-26 09:29:59	5060	1	0	88	15.63	24.41	14.16	1.63	89	2.17	
2010-09-26 09:30:00	5065	1	0	88	15.63	24.41	16.11	2.06	88	2.08	
2010-09-26 09:30:02	5070	1	0	89	15.14	24.41	14.65	1.99	89	2.11	
2010-09-26 09:30:03	5075	1	0	89	15.63	24.41	14.16	2.08	89	2.13	
2010-09-26 09:30:04	5080	1	0	89	16.60	25.88	14.16	2.10	89	2.31	
2010-09-26 09:30:05	5085	1	0	88	15.63	25.88	14.16	2.18	89	2.31	
2010-09-26 09:30:06	5090	1	0	89	15.63	24.41	14.65	1.70	89	2.18	
2010-09-26 09:30:07	5095	1	0	89	16.11	24.41	14.65	1.81	89	2.06	
2010-09-26 09:30:08	5100	1	0	88	15.14	26.37	13.67	2.15	89	2.24	
2010-09-26 09:30:09	5105	1	0	88	14.16	23.93	14.65	0.37	88	2.11	
2010-09-26 09:30:10	5110	1	0	88	15.14	23.93	14.65	0.76	89	0.78	
2010-09-26 09:30:11	5115	1	0	88	16.11	26.37	14.65	0.55	88	0.91	
2010-09-26 09:30:12	5120	1	0	88	15.63	24.90	14.65	0.62	88	0.66	
2010-09-26 09:30:13	5125	1	0	88	15.63	24.41	14.65	0.51	88	0.64	
2010-09-26 09:30:14	5130	1	0	88	15.63	23.93	14.65	0.59	89	0.78	
2010-09-26 09:30:15	5135	1	0	88	15.63	24.41	14.16	0.34	88	0.69	
2010-09-26 09:30:16	5140	1	0	88	15.14	24.90	14.65	0.51	89	0.64	
2010-09-26 09:30:17	5145	1	0	88	15.63	24.41	15.14	0.73	89	0.85	
2010-09-26 09:30:18	5150	1	0	88	15.63	23.93	14.16	0.87	89	0.89	
2010-09-26 09:30:19	5155	1	0	88	15.14	23.93	19.04	0.43	89	1.10	
2010-09-26 09:30:20	5160	1	0	88	15.63	24.41	14.16	1.08	88	1.23	
2010-09-26 09:30:21	5165	1	0	88	16.60	24.41	14.65	1.12	88	1.17	
2010-09-26 09:30:23	5170	1	0	88	15.14	24.41	14.16	1.08	88	1.19	
2010-09-26 09:30:24	5175	1	0	88	15.63	24.41	14.65	0.39	89	1.07	
2010-09-26 09:30:25	5180	1	0	89	16.11	24.41	14.16	0.82	89	0.96	
2010-09-26 09:30:26	5185	1	0	88	14.16	24.41	13.67	0.64	89	1.01	
2010-09-26 09:30:27	5190	1	0	88	14.65	23.44	14.16	1.15	88	1.21	
2010-09-26 09:30:28	5195	1	0	88	14.16	23.93	14.16	1.12	88	1.30	
2010-09-26 09:30:29	5200	1	0	88	14.65	23.93	14.16	1.10	88	1.28	
2010-09-26 09:30:30	5205	1	0	88	14.16	24.41	13.67	1.21	88	1.23	
2010-09-26 09:30:31	5210	1	0	88	15.63	25.39	14.16	0.99	89	1.31	
2010-09-26 09:30:32	5215	1	0	88	15.14	24.90	14.16	1.15	88	1.23	
2010-09-26 09:30:33	5220	1	0	88	15.14	24.41	14.16	0.99	89	1.31	
2010-09-26 09:30:34	5225	1	0	88	14.65	24.41	14.16	1.10	89	1.21	
2010-09-26 09:30:35	5230	1	0	88	15.63	25.39	14.16	1.17	88	1.24	
2010-09-26 09:30:36	5235	1	0	88	14.65	24.41	14.16	1.07	88	1.28	
2010-09-26 09:30:37	5240	1	0	88	15.63	24.41	14.65	1.42	88	1.47	
2010-09-26 09:30:38	5245	1	0	89	15.63	23.93	14.16	1.40	89	1.60	
2010-09-26 09:30:39	5250	1	0	88	15.14	24.41	14.65	1.08	89	1.44	
2010-09-26 09:30:40	5255	1	0	88	15.14	24.41	14.65	1.19	89	1.53	
2010-09-26 09:30:41	5260	1	0	88	15.63	24.41	15.14	1.12	89	1.53	
2010-09-26 09:30:42	5265	1	0	88	15.14	24.41	14.16	1.23	89	1.56	
2010-09-26 09:30:44	5270	1	0	88	15.14	24.41	14.65	1.35	89	1.81	
2010-09-26 09:30:45	5275	1	0	88	16.11	24.41	14.16	1.40	89	1.81	
2010-09-26 09:30:46	5280	1	0	88	15.14	24.41	14.16	1.74	88	1.76	
2010-09-26 09:30:47	5285	1	0	88	15.14	24.41	15.14	1.62	88	1.76	
2010-09-26 09:30:48	5290	1	0	88	14.65	24.41	14.65	1.65	88	1.74	
2010-09-26 09:30:49	5295	1	0	89	14.65	24.41	13.67	1.78	89	1.99	
2010-09-26 09:30:50	5300	1	0	89	15.14	23.93	13.18	1.74	89	1.88	
2010-09-26 09:30:51	5305	1	0	89	14.65	24.41	13.67	1.65	89	1.81	
2010-09-26 09:30:52	5310	1	0	89	15.14	24.41	13.67	1.78	89	1.94	
2010-09-26 09:30:53	5315	1	0	89	15.14	24.41	13.67	1.78	89	2.04	
2010-09-26 09:30:54	5320	1	0	89	14.65	24.90	13.67	1.86	89	2.02	
2010-09-26 09:30:55	5325	1	0	88	15.63	24.41	14.65	1.69	89	2.04	
2010-09-26 09:30:56	5330	1	0	88	16.11	24.41	14.16	1.88	89	2.17	
2010-09-26 09:30:57	5335	1	0	89	15.14	24.41	14.65	1.76	89	2.04	
2010-09-26 09:30:58	5340	1	0	89	14.65	24.90	14.16	1.76	89	2.02	
2010-09-26 09:30:59	5345	1	0	88	15.63	24.41	14.16	1.62	89	2.01	
2010-09-26 09:31:00	5350	1	0	88	15.14	23.93	13.67	2.10	88	2.13	
2010-09-26 09:31:01	5355	1	0	88	15.14	23.93	13.67	2.22	88	2.33	
2010-09-26 09:31:02	5360	1	0	89	15.14	23.93	13.67	2.24	89	2.38	
2010-09-26 09:31:03	5365	1	0	89	13.67	23.93	13.67	2.24	89	2.31	
2010-09-26 09:31:05	5370	1	0	88	14.65	24.41	14.65	1.74	89	2.20	
2010-09-26 09:31:06	5375	1	0	89	15.63	24.41	14.65	1.79	89	1.92	
2010-09-26 09:31:07	5380	1	0	89	15.14	23.93	14.16	2.06	89	2.18	
2010-09-26 09:31:08	5385	1	0	88	14.65	24.90	14.65	2.34	89	2.33	
2010-09-26 09:31:09	5390	1	0	88	15.63	24.41	14.16	1.53	88	2.31	
2010-09-26 09:31:10	5395	1	0	88	16.60	23.93	13.67	1.51	88	1.54	
2010-09-26 09:31:11	5400	1	0	88	15.14	23.44	14.16	2.22	89	2.22	
2010-09-26 09:31:12	5405	1	0	88	15.14	24.41	14.16	2.13	89	2.25	
2010-09-26 09:31:13	5410	1	0	88	14.65	23.93	13.18	1.65	89	2.06	
2010-09-26 09:31:14	5415	1	0	88	15.14	23.93	12.70	1.67	89	1.76	
2010-09-26 09:31:15	5420	1	0	88	14.65	23.93	13.18	1.70	89	1.74	
2010-09-26 09:31:16	5425	1	0	88	15.63	24.90	14.16	0.36	88	1.63	
2010-09-26 09:31:17	5430	1	0	88	15.14	24.41	14.16	1.21	89	1.21	
2010-09-26 09:31:18	5435	1	0	88	15.63	24.90	15.14	0.60	88	1.24	
2010-09-26 09:31:19	5440	1	0	88	15.14	24.41	15.14	0.78	88	0.85	
2010-09-26 09:31:20	5445	1	0	88	16.60	24.41	15.14	0.67	88	0.87	
2010-09-26 09:31:21	5450	1	0	88	16.11	25.39	14.65	0.66	88	0.85	
2010-09-26 09:31:22	5455	1	0	88	16.11	25.39	15.63	0.73	88	0.73	
2010-09-26 09:31:23	5460	1	0	88	16.11	25.39	15.63	0.66	88	0.89	
2010-09-26 09:31:25	5465	1	0	88	15.63	24.41	14.65	1.17	88	1.17	
2010-09-26 09:31:26	5470	1	0	88	15.14	24.41	14.65	1.08	88	1.26	
2010-09-26 09:31:27	5475	1	0	88	15.14	24.41	14.16	1.15	88	1.24	
2010-09-26 09:31:28	5480	1	0	88	15.63	24.90	15.14	1.07	88	1.31	
2010-09-26 09:31:29	5485	1	0	88	15.14	24.41	13.67	1.15	88	1.31	
2010-09-26 09:31:30	5490	1	0	88	16.11	24.41	15.14	1.19	88	1.21	
2010-09-26 09:31:31	5495	1	0	88	15.63	24.90	14.65	1.14	88	1.26	
2010-09-26 09:31:32	5500	1	0	88	15.63	25.39	15.14	1.24	88	1.24	
2010-09-26 09:31:33	5505	1	0	88	15.14	24.90	14.65	1.12	88	1.30	
2010-09-26 09:31:34	5510	1	0	88	15.63	24.41	14.65	1.10	88	1.19	
2010-09-26 09:31:35	5515	1	0	88	15.63	24.90	14.65	1.21	88	1.19	
2010-09-26 09:31:36	5520	1	0	88	15.63	24.90	15.14	1.14	88	1.28	
2010-09-26 09:31:37	5525	1	0	88	15.63	24.90	14.65	1.42	88	1.49	
2010-09-26 09:31:38	5530	1	0	88	15.63	24.90	14.65	1.37	88	1.60	
2010-09-26 09:31:39	5535	1	0	88	15.63	24.90	14.65	1.40	88	1.47	
2010-09-26 09:31:40	5540	1	0	88	15.63	24.90	14.65	1.40	88	1.47	
2010-09-26 09:31:41	5545	1	0	88	15.63	24.90	14.65	1.38	88	1.49	
2010-09-26 09:31:42	5550	1	0	88	15.63	24.90	14.65	1.44	88	1.47	
2010-09-26 09:31:43	5555	1	0	88	15.63	24.90	14.65	1.38	88	1.60	
2010-09-26 09:31:44	5560	1	0	88	16.11	25.39	15.63	1.70	88	1.79	
2010-09-26 09:31:46	5565	1	0	88	18.07	25.39	15.14	1.56	88	1.76	
2010-09-26 09:31:47	5570	1	0	88	16.60	25.88	15.63	1.67	88	1.79	
2010-09-26 09:31:48	5575	1	0	88	16.60	25.88	16.11	1.62	88	1.86	
2010-09-26 09:31:49	5580	1	0	88	16.11	26.86	15.14	1.33	89	1.86	
2010-09-26 09:31:50	5585	1	0	89	15.63	24.90	16.11	1.65	89	1.70	
2010-09-26 09:31:51	5590	1	0	89	15.63	25.39	16.11	1.58	89	1.81	
2010-09-26 09:31:52	5595	1	0	89	16.60	24.90	15.63	1.78	89	1.90	
2010-09-26 09:31:53	5600	1	0	89	15.63	24.41	15.63	1.63	89	1.85	
2010-09-26 09:31:54	5605	1	0	89	16.11	25.39	15.14	2.11	89	2.11	
2010-09-26 09:31:55	5610	1	0	89	16.11	24.90	15.14	1.62	89	2.08	
2010-09-26 09:31:56	5615	1	0	88	15.63	24.41	14.65	1.67	89	2.18	
2010-09-26 09:31:57	5620	1	0	89	16.60	24.90	15.14	1.79	89	2.11	
2010-09-26 09:31:58	5625	1	0	89	17.58	24.41	15.63	1.51	89	1.99	
2010-09-26 09:31:59	5630	1	0	89	17.09	24.90	16.60	1.70	89	1.95	
2010-09-26 09:32:00	5635	1	0	89	16.11	25.39	16.11	1.86	89	2.06	
2010-09-26 09:32:01	5640	1	0	89	15.63	23.93	15.63	1.78	89	2.08	
2010-09-26 09:32:02	5645	1	0	89	16.60	24.41	15.63	1.70	89	2.17	
2010-09-26 09:32:03	5650	1	0	88	24.90	38.09	29.30	1.74	89	2.17	
2010-09-26 09:32:04	5655	1	0	89	26.86	32.71	26.37	2.15	89	2.15	
2010-09-26 09:32:05	5660	1	0	89	24.90	35.16	32.23	2.17	89	2.18	
2010-09-26 09:32:07	5665	1	0	89	22.95	40.53	31.74	1.86	89	2.22	
2010-09-26 09:32:08	5670	1	0	89	20.02	31.74	26.86	1.78	89	2.27	
2010-09-26 09:32:09	5675	1	0	89	24.41	32.71	26.86	1.97	89	2.18	
2010-09-26 09:32:10	5680	1	0	88	24.41	42.97	35.16	1.69	89	2.34	
2010-09-26 09:32:11	5685	1	0	89	15.63	25.39	14.16	1.24	89	1.74	
2010-09-26 09:32:12	5690	1	0	89	15.63	25.39	13.18	1.30	89	1.49	
2010-09-26 09:32:13	5695	1	0	89	15.63	24.90	14.65	1.23	89	1.31	
2010-09-26 09:32:14	5700	1	0	89	15.63	24.90	13.18	1.21	89	1.31	
2010-09-26 09:32:15	5705	1	0	89	15.63	24.41	15.14	1.40	89	1.51	
2010-09-26 09:32:16	5710	1	0	89	15.63	25.39	13.18	1.24	89	1.31	
2010-09-26 09:32:17	5715	1	0	89	14.65	23.93	12.70	0.18	89	1.17	
2010-09-26 09:32:18	5720	1	0	89	15.14	23.93	12.21	0.28	89	0.39	
2010-09-26 09:32:19	5725	1	0	89	14.65	23.44	12.70	0.46	89	0.46	
2010-09-26 09:32:20	5730	1	0	89	14.65	23.44	13.18	0.36	89	0.57	
2010-09-26 09:32:21	5735	1	0	89	14.65	23.93	12.21	0.34	89	0.39	
2010-09-26 09:32:22	5740	1	0	89	15.14	23.44	12.70	0.44	89	0.62	
2010-09-26 09:32:23	5745	1	0	89	15.14	24.41	11.23	0.32	89	0.75	
2010-09-26 09:32:24	5750	1	0	89	14.65	24.41	14.16	0.92	89	0.98	
2010-09-26 09:32:25	5755	1	0	89	15.14	24.41	14.16	1.15	89	1.14	
2010-09-26 09:32:26	5760	1	0	89	14.65	24.90	13.18	0.92	89	1.23	
2010-09-26 09:32:28	5765	1	0	89	13.67	23.93	14.16	1.01	89	1.10	
2010-09-26 09:32:29	5770	1	0	89	15.14	23.93	14.16	0.99	89	1.12	
2010-09-26 09:32:30	5775	1	0	89	15.63	24.41	14.16	1.12	89	1.15	
2010-09-26 09:32:31	5780	1	0	89	14.65	24.41	14.16	1.01	89	1.15	
2010-09-26 09:32:32	5785	1	0	89	15.14	24.90	13.67	1.08	89	1.10	
2010-09-26 09:32:33	5790	1	0	89	15.14	24.41	13.67	0.96	89	1.12	
2010-09-26 09:32:34	5795	1	0	89	15.14	24.41	13.67	1.01	89	1.19	
2010-09-26 09:32:35	5800	1	0	89	15.14	24.90	14.16	1.17	89	1.21	
2010-09-26 09:32:36	5805	1	0	89	15.14	24.41	13.18	0.85	89	1.15	
2010-09-26 09:32:37	5810	1	0	89	15.14	24.41	13.67	1.01	89	1.10	
2010-09-26 09:32:38	5815	1	0	89	15.14	24.41	14.16	1.24	89	1.38	
2010-09-26 09:32:39	5820	1	0	89	15.14	24.90	15.14	1.23	89	1.44	
2010-09-26 09:32:40	5825	1	0	89	14.65	24.90	14.65	1.19	89	1.47	
2010-09-26 09:32:41	5830	1	0	89	15.14	24.41	14.16	1.14	89	1.35	
2010-09-26 09:32:42	5835	1	0	89	15.63	24.41	15.14	1.37	89	1.47	
2010-09-26 09:32:43	5840	1	0	89	15.63	25.39	14.65	1.24	89	1.42	
2010-09-26 09:32:44	5845	1	0	89	16.11	25.88	14.65	1.40	89	1.47	
2010-09-26 09:32:45	5850	1	0	88	15.14	24.41	14.16	1.35	89	1.72	
2010-09-26 09:32:46	5855	1	0	89	15.63	24.41	14.16	1.62	89	1.86	
2010-09-26 09:32:47	5860	1	0	89	15.14	23.93	15.14	1.56	89	1.72	
2010-09-26 09:32:49	5865	1	0	88	15.14	24.41	13.67	1.40	89	1.70	
2010-09-26 09:32:50	5870	1	0	88	15.14	24.41	14.16	1.21	89	1.83	
2010-09-26 09:32:51	5875	1	0	89	15.14	23.93	14.65	1.63	89	1.88	
2010-09-26 09:32:52	5880	1	0	89	15.14	23.93	14.65	1.58	89	1.69	
2010-09-26 09:32:53	5885	1	0	89	15.14	24.41	14.16	1.76	89	2.22	
2010-09-26 09:32:54	5890	1	0	89	15.14	24.90	14.16	1.65	89	1.94	
2010-09-26 09:32:55	5895	1	0	88	16.11	23.93	14.65	1.62	89	2.02	
2010-09-26 09:32:56	5900	1	0	89	15.63	24.41	14.65	1.83	89	2.11	
2010-09-26 09:32:57	5905	1	0	89	15.14	24.90	14.16	1.72	89	1.85	
2010-09-26 09:32:58	5910	1	0	89	15.63	24.90	14.65	1.74	89	2.10	
2010-09-26 09:32:59	5915	1	0	89	15.14	23.93	14.16	1.63	89	1.94	
2010-09-26 09:33:00	5920	1	0	89	14.65	24.41	14.16	2.17	89	2.18	
2010-09-26 09:33:01	5925	1	0	89	15.14	24.41	14.16	1.95	89	2.20	
2010-09-26 09:33:02	5930	1	0	89	14.65	24.41	14.16	1.86	89	2.18	
2010-09-26 09:33:03	5935	1	0	89	14.65	24.41	14.16	1.94	89	2.33	
2010-09-26 09:33:04	5940	1	0	89	14.65	24.41	14.16	1.81	89	2.27	
2010-09-26 09:33:05	5945	1	0	89	14.65	24.41	14.65	1.74	89	2.17	
2010-09-26 09:33:06	5950	1	0	89	14.65	24.41	14.65	1.67	89	2.10	
2010-09-26 09:33:07	5955	1	0	89	16.11	25.88	14.65	1.92	89	1.92	
2010-09-26 09:33:09	5960	1	0	89	15.63	24.90	14.65	2.11	89	2.11	
2010-09-26 09:33:10	5965	1	0	89	16.11	24.90	14.65	2.10	89	2.13	
2010-09-26 09:33:11	5970	1	0	89	15.63	25.39	15.14	2.04	89	2.11	
2010-09-26 09:33:12	5975	1	0	89	15.63	25.39	14.16	2.04	89	2.06	
2010-09-26 09:33:13	5980	1	0	89	15.63	25.88	15.14	2.15	89	2.18	
2010-09-26 09:33:14	5985	1	0	89	15.63	24.90	14.65	2.17	89	2.20	
2010-09-26 09:33:15	5990	1	0	89	16.11	24.90	14.65	1.17	89	2.17	
2010-09-26 09:33:16	5995	1	0	89	16.11	24.41	14.65	0.94	89	1.17	
2010-09-26 09:33:17	6000	1	0	89	16.11	24.41	14.65	0.87	89	0.99	
2010-09-26 09:33:18	6005	1	0	89	16.11	24.41	14.65	0.87	89	0.94	
2010-09-26 09:33:19	6010	1	0	89	16.11	24.41	14.65	0.76	89	0.91	
2010-09-26 09:33:20	6015	1	0	89	16.11	24.41	14.16	0.75	89	0.83	
2010-09-26 09:33:21	6020	1	0	89	16.11	24.90	14.65	0.78	89	0.80	
2010-09-26 09:33:22	6025	1	0	89	15.14	26.86	14.16	0.92	89	1.03	
2010-09-26 09:33:23	6030	1	0	89	17.09	26.37	15.63	0.60	89	0.98	
2010-09-26 09:33:24	6035	1	0	89	16.11	25.39	13.67	0.59	89	0.80	
2010-09-26 09:33:25	6040	1	0	88	16.60	26.37	15.14	0.87	89	0.91	
2010-09-26 09:33:26	6045	1	0	89	16.11	24.90	13.67	0.55	89	0.92	
2010-09-26 09:33:27	6050	1	0	89	16.11	26.37	13.67	0.73	89	0.83	
2010-09-26 09:33:28	6055	1	0	89	17.09	25.88	14.16	0.60	89	0.80	
2010-09-26 09:33:30	6060	1	0	89	17.09	25.39	14.65	0.60	89	0.78	
2010-09-26 09:33:31	6065	1	0	89	17.09	24.41	13.67	0.83	89	0.94	
2010-09-26 09:33:32	6070	1	0	89	16.11	24.90	13.18	1.08	89	1.10	
2010-09-26 09:33:33	6075	1	0	89	15.63	24.41	13.18	0.96	89	1.21	
2010-09-26 09:33:34	6080	1	0	89	15.63	24.41	13.67	0.92	89	1.10	
2010-09-26 09:33:35	6085	1	0	89	15.63	24.41	13.67	1.01	89	1.07	
2010-09-26 09:33:36	6090	1	0	89	15.63	24.90	13.18	0.99	89	1.15	
2010-09-26 09:33:37	6095	1	0	89	15.63	24.90	13.67	0.98	89	1.05	
2010-09-26 09:33:38	6100	1	0	89	16.60	24.90	14.65	1.05	89	1.26	
2010-09-26 09:33:39	6105	1	0	89	15.63	24.41	14.65	0.99	89	1.26	
2010-09-26 09:33:40	6110	1	0	89	15.63	24.41	14.16	1.12	89	1.28	
2010-09-26 09:33:41	6115	1	0	89	15.63	24.90	13.67	1.12	89	1.19	
2010-09-26 09:33:42	6120	1	0	89	15.14	24.41	15.14	1.10	89	1.26	
2010-09-26 09:33:43	6125	1	0	89	16.11	24.90	14.16	0.94	89	1.33	
2010-09-26 09:33:44	6130	1	0	89	16.11	23.93	15.14	1.10	89	1.23	
2010-09-26 09:33:45	6135	1	0	89	15.63	25.39	14.65	1.44	89	1.62	
2010-09-26 09:33:46	6140	1	0	89	15.63	25.39	15.63	1.23	89	1.67	
2010-09-26 09:33:47	6145	1	0	88	15.63	24.90	14.16	1.30	89	1.56	
2010-09-26 09:33:48	6150	1	0	89	16.11	24.41	15.63	1.24	89	1.78	
2010-09-26 09:33:49	6155	1	0	89	15.63	25.39	15.63	1.33	89	1.70	
2010-09-26 09:33:51	6160	1	0	89	15.63	24.41	14.65	1.44	89	1.62	
2010-09-26 09:33:52	6165	1	0	88	15.14	25.88	14.16	1.21	89	1.47	
2010-09-26 09:33:53	6170	1	0	89	15.14	24.41	14.16	1.44	89	1.67	
2010-09-26 09:33:54	6175	1	0	89	16.60	23.93	14.65	1.63	89	2.29	
2010-09-26 09:33:55	6180	1	0	89	16.11	24.90	14.16	1.74	89	1.85	
2010-09-26 09:33:56	6185	1	0	89	16.11	24.41	14.65	1.79	89	2.25	
2010-09-26 09:33:57	6190	1	0	88	15.63	24.41	14.16	1.67	89	1.94	
2010-09-26 09:33:58	6195	1	0	89	15.63	24.41	14.65	1.65	89	2.08	
2010-09-26 09:33:59	6200	1	0	89	16.11	24.41	14.16	1.58	89	1.86	
2010-09-26 09:34:00	6205	1	0	89	16.11	24.41	13.67	1.85	89	2.20	
2010-09-26 09:34:01	6210	1	0	89	16.11	24.41	13.67	1.44	89	1.99	
2010-09-26 09:34:02	6215	1	0	89	15.14	23.93	13.67	1.99	89	2.31	
2010-09-26 09:34:03	6220	1	0	89	15.14	23.93	13.67	1.79	89	2.04	
2010-09-26 09:34:04	6225	1	0	89	15.14	24.41	13.18	1.88	89	2.13	
2010-09-26 09:34:05	6230	1	0	89	15.63	24.41	13.18	1.92	89	2.10	
2010-09-26 09:34:06	6235	1	0	89	15.63	23.44	13.18	1.97	89	2.11	
2010-09-26 09:34:07	6240	1	0	89	15.14	23.44	13.67	1.97	89	2.11	
2010-09-26 09:34:08	6245	1	0	89	15.14	24.41	14.16	1.88	89	2.18	
2010-09-26 09:34:09	6250	1	0	89	15.14	23.44	13.67	1.97	89	2.08	
2010-09-26 09:34:10	6255	1	0	89	15.63	23.44	15.14	2.06	89	2.10	
2010-09-26 09:34:12	6260	1	0	89	15.63	23.93	14.65	2.25	89	2.27	
2010-09-26 09:34:13	6265	1	0	89	16.11	26.86	15.63	2.22	89	2.24	
2010-09-26 09:34:14	6270	1	0	89	15.63	25.39	15.63	2.17	89	2.22	
2010-09-26 09:34:15	6275	1	0	89	15.63	23.44	14.16	2.08	89	2.11	
2010-09-26 09:34:16	6280	1	0	89	15.63	23.44	14.16	2.10	89	2.13	
2010-09-26 09:34:17	6285	1	0	89	15.63	23.93	14.16	2.08	89	2.08	
2010-09-26 09:34:18	6290	1	0	89	15.63	23.93	14.16	1.28	89	2.11	
2010-09-26 09:34:19	6295	1	0	89	15.63	24.41	14.65	0.94	89	1.42	
2010-09-26 09:34:20	6300	1	0	89	15.63	24.90	14.65	0.82	89	1.14	
2010-09-26 09:34:21	6305	1	0	89	15.63	25.39	14.65	0.30	89	0.83	
2010-09-26 09:34:22	6310	1	0	89	15.63	24.41	14.65	0.69	89	0.67	
2010-09-26 09:34:23	6315	1	0	89	15.63	23.93	15.14	0.60	89	0.82	
2010-09-26 09:34:24	6320	1	0	89	15.63	24.41	14.65	1.14	89	1.23	
2010-09-26 09:34:25	6325	1	0	89	15.63	24.90	14.65	0.64	89	1.23	
2010-09-26 09:34:26	6330	1	0	89	14.65	25.39	13.67	0.55	89	0.75	
2010-09-26 09:34:27	6335	1	0	89	15.14	24.90	14.16	0.39	89	0.89	
2010-09-26 09:34:28	6340	1	0	89	15.14	25.39	14.16	0.55	89	0.66	
2010-09-26 09:34:29	6345	1	0	89	14.16	24.41	14.65	0.43	89	0.62	
2010-09-26 09:34:30	6350	1	0	89	15.14	24.90	15.63	0.43	89	0.71	
2010-09-26 09:34:32	6355	1	0	89	14.65	24.41	13.67	0.44	89	0.64	
2010-09-26 09:34:33	6360	1	0	89	15.63	25.39	14.16	0.44	89	0.59	
2010-09-26 09:34:34	6365	1	0	89	14.65	24.90	13.67	0.46	89	0.76	
2010-09-26 09:34:35	6370	1	0	89	15.14	24.41	13.67	0.99	89	1.05	
2010-09-26 09:34:36	6375	1	0	89	15.63	24.90	14.16	0.96	89	1.14	
2010-09-26 09:34:37	6380	1	0	89	15.63	24.41	13.18	0.83	89	1.23	
2010-09-26 09:34:38	6385	1	0	89	14.65	24.41	13.67	0.96	89	1.12	
2010-09-26 09:34:39	6390	1	0	89	15.14	23.93	14.16	0.82	89	1.05	
2010-09-26 09:34:40	6395	1	0	89	15.14	24.41	14.16	1.01	89	1.17	
2010-09-26 09:34:41	6400	1	0	89	15.14	24.41	14.16	1.17	89	1.19	
2010-09-26 09:34:42	6405	1	0	89	15.14	24.41	13.67	0.98	89	1.19	
2010-09-26 09:34:43	6410	1	0	89	15.14	24.41	14.16	0.94	89	1.12	
2010-09-26 09:34:44	6415	1	0	88	15.14	25.88	13.18	1.15	89	1.23	
2010-09-26 09:34:45	6420	1	0	88	15.14	24.90	14.65	1.28	88	1.67	
2010-09-26 09:34:46	6425	1	0	88	14.16	24.41	14.16	1.07	89	1.31	
2010-09-26 09:34:47	6430	1	0	88	15.63	24.41	14.65	1.23	88	1.67	
2010-09-26 09:34:48	6435	1	0	88	15.63	25.39	14.16	1.23	88	1.37	
2010-09-26 09:34:49	6440	1	0	88	15.63	25.39	14.16	1.12	88	1.35	
2010-09-26 09:34:50	6445	1	0	88	15.14	25.88	14.16	1.23	88	1.35	
2010-09-26 09:34:51	6450	1	0	88	15.63	24.90	14.16	1.24	88	1.38	
2010-09-26 09:34:53	6455	1	0	88	14.16	24.41	13.67	1.60	88	1.74	
2010-09-26 09:34:54	6460	1	0	89	14.65	24.90	14.16	1.54	89	1.70	
2010-09-26 09:34:55	6465	1	0	89	14.65	24.41	14.65	1.63	89	1.78	
2010-09-26 09:34:56	6470	1	0	89	15.14	24.41	15.14	1.58	89	1.74	
2010-09-26 09:34:57	6475	1	0	89	15.63	24.41	15.14	1.44	89	1.99	
2010-09-26 09:34:58	6480	1	0	89	14.65	24.41	14.65	1.58	89	1.67	
2010-09-26 09:34:59	6485	1	0	89	15.14	24.41	14.65	1.58	89	1.67	
2010-09-26 09:35:00	6490	1	0	89	14.65	24.41	14.65	1.69	89	1.70	
2010-09-26 09:35:01	6495	1	0	89	15.63	24.90	14.16	1.54	89	2.11	
2010-09-26 09:35:02	6500	1	0	89	14.65	24.90	15.14	2.01	89	2.17	
2010-09-26 09:35:03	6505	1	0	88	15.14	24.41	14.65	1.38	89	2.17	
2010-09-26 09:35:04	6510	1	0	89	15.63	24.90	16.11	1.79	89	1.99	
2010-09-26 09:35:05	6515	1	0	89	14.65	24.41	14.16	2.06	89	2.18	
2010-09-26 09:35:06	6520	1	0	89	15.14	24.90	14.16	1.99	89	2.11	
2010-09-26 09:35:07	6525	1	0	89	15.63	24.41	14.16	2.04	89	2.17	
2010-09-26 09:35:08	6530	1	0	89	15.14	26.37	15.14	1.67	89	2.20	
2010-09-26 09:35:09	6535	1	0	89	16.11	24.90	13.67	1.94	89	2.43	
2010-09-26 09:35:10	6540	1	0	89	14.16	23.93	13.18	2.06	89	2.15	
2010-09-26 09:35:11	6545	1	0	89	15.14	23.93	13.18	2.10	89	2.15	
2010-09-26 09:35:12	6550	1	0	89	15.14	23.93	13.18	2.11	89	2.17	
2010-09-26 09:35:14	6555	1	0	89	14.65	23.44	13.18	2.01	89	2.11	
2010-09-26 09:35:15	6560	1	0	89	13.67	23.93	13.18	2.01	89	2.18	
2010-09-26 09:35:16	6565	1	0	89	14.16	23.44	13.18	2.13	89	2.17	
2010-09-26 09:35:17	6570	1	0	89	14.65	23.93	13.18	2.10	89	2.18	
2010-09-26 09:35:18	6575	1	0	90	14.16	23.93	12.70	1.74	90	2.20	
2010-09-26 09:35:19	6580	1	0	90	15.14	24.41	14.65	1.30	90	1.81	
2010-09-26 09:35:20	6585	1	0	90	14.16	24.41	14.16	1.33	90	1.35	
2010-09-26 09:35:21	6590	1	0	90	15.14	24.90	14.65	1.21	90	1.37	
2010-09-26 09:35:22	6595	1	0	90	14.65	24.41	14.16	1.23	90	1.30	
2010-09-26 09:35:23	6600	1	0	90	14.65	24.41	14.16	1.23	90	1.30	
2010-09-26 09:35:24	6605	1	0	90	15.14	24.41	15.63	1.21	90	1.33	
2010-09-26 09:35:25	6610	1	0	90	15.14	24.41	14.65	1.21	90	1.26	
2010-09-26 09:35:26	6615	1	0	90	14.65	24.41	17.09	1.31	90	1.37	
2010-09-26 09:35:27	6620	1	0	90	14.65	25.39	14.65	1.23	90	1.38	
2010-09-26 09:35:28	6625	1	0	90	15.63	22.95	14.65	0.43	90	1.26	
2010-09-26 09:35:29	6630	1	0	90	15.14	23.44	14.65	0.71	91	0.75	
2010-09-26 09:35:30	6635	1	0	90	14.65	24.41	15.63	0.92	91	0.94	
2010-09-26 09:35:31	6640	1	0	90	15.63	22.95	14.65	0.53	90	0.98	
2010-09-26 09:35:32	6645	1	0	90	15.63	22.95	14.16	0.48	90	0.87	
2010-09-26 09:35:33	6650	1	0	90	15.63	22.95	14.65	0.36	90	0.67	
2010-09-26 09:35:35	6655	1	0	90	15.63	23.93	15.63	0.59	90	0.89	
2010-09-26 09:35:36	6660	1	0	90	15.63	23.44	14.65	0.50	90	0.66	
2010-09-26 09:35:37	6665	1	0	90	15.14	23.93	14.16	0.51	90	0.76	
2010-09-26 09:35:38	6670	1	0	90	14.65	23.93	14.65	0.99	90	1.03	
2010-09-26 09:35:39	6675	1	0	90	15.14	23.93	14.65	1.12	90	1.14	
2010-09-26 09:35:40	6680	1	0	90	14.65	24.41	14.16	0.98	90	1.23	
2010-09-26 09:35:41	6685	1	0	90	14.16	23.44	15.14	1.05	90	1.23	
2010-09-26 09:35:42	6690	1	0	90	15.14	23.93	14.65	0.96	90	1.23	
2010-09-26 09:35:43	6695	1	0	90	15.14	24.41	15.14	1.21	90	1.23	
2010-09-26 09:35:44	6700	1	0	89	16.11	23.93	14.65	1.12	90	1.24	
2010-09-26 09:35:45	6705	1	0	89	15.14	23.93	14.16	0.62	90	1.07	
2010-09-26 09:35:46	6710	1	0	90	15.14	24.90	14.65	1.19	90	1.19	
2010-09-26 09:35:47	6715	1	0	89	15.14	23.93	14.16	1.03	90	1.26	
2010-09-26 09:35:48	6720	1	0	90	16.11	23.44	13.67	0.99	90	1.21	
2010-09-26 09:35:49	6725	1	0	90	16.11	23.44	14.16	1.01	90	1.28	
2010-09-26 09:35:50	6730	1	0	90	15.63	22.95	12.21	1.10	90	1.31	
2010-09-26 09:35:51	6735	1	0	90	16.11	23.93	14.16	1.03	90	1.14	
2010-09-26 09:35:52	6740	1	0	90	17.09	23.44	14.16	0.85	90	1.19	
2010-09-26 09:35:53	6745	1	0	90	15.63	23.44	14.65	0.94	90	1.19	
2010-09-26 09:35:55	6750	1	0	90	15.63	23.44	14.16	0.92	90	1.31	
2010-09-26 09:35:56	6755	1	0	90	15.63	22.95	14.16	0.99	90	1.12	
2010-09-26 09:35:57	6760	1	0	89	15.63	23.93	14.16	1.30	90	1.49	
2010-09-26 09:35:58	6765	1	0	89	16.11	24.90	13.18	1.62	89	1.95	
2010-09-26 09:35:59	6770	1	0	89	15.63	24.41	13.67	1.65	89	1.86	
2010-09-26 09:36:00	6775	1	0	89	16.11	23.93	14.16	1.72	89	1.76	
2010-09-26 09:36:01	6780	1	0	89	15.63	23.93	12.70	1.65	89	1.88	
2010-09-26 09:36:02	6785	1	0	89	15.14	24.41	13.18	1.67	89	1.86	
2010-09-26 09:36:03	6790	1	0	89	16.60	24.41	14.16	1.69	89	1.88	
2010-09-26 09:36:04	6795	1	0	89	16.11	24.90	13.67	1.69	89	1.92	
2010-09-26 09:36:05	6800	1	0	89	15.63	24.90	14.16	1.65	89	1.76	
2010-09-26 09:36:06	6805	1	0	89	16.60	24.41	12.21	1.85	89	2.22	
2010-09-26 09:36:07	6810	1	0	89	16.60	24.90	13.18	1.90	89	2.11	
2010-09-26 09:36:08	6815	1	0	89	17.09	24.41	12.70	1.88	89	2.04	
2010-09-26 09:36:09	6820	1	0	89	16.11	24.90	13.18	1.99	89	2.15	
2010-09-26 09:36:10	6825	1	0	89	16.60	23.93	13.67	1.83	89	2.01	
2010-09-26 09:36:11	6830	1	0	89	17.58	24.90	13.18	2.08	89	2.17	
2010-09-26 09:36:12	6835	1	0	89	18.07	24.90	13.18	1.83	89	2.02	
2010-09-26 09:36:13	6840	1	0	89	17.09	26.86	12.70	2.04	89	2.06	
2010-09-26 09:36:14	6845	1	0	89	17.58	24.41	12.70	1.83	89	2.11	
2010-09-26 09:36:16	6850	1	0	89	16.11	26.37	14.65	1.92	90	1.94	
2010-09-26 09:36:17	6855	1	0	88	15.14	24.90	13.18	1.94	89	1.99	
2010-09-26 09:36:18	6860	1	0	89	14.65	24.41	13.67	1.86	89	1.90	
2010-09-26 09:36:19	6865	1	0	89	15.63	27.83	14.65	1.81	89	1.90	
2010-09-26 09:36:20	6870	1	0	89	15.14	24.90	14.16	1.67	89	1.78	
2010-09-26 09:36:21	6875	1	0	89	15.14	26.86	14.16	1.74	89	1.83	
2010-09-26 09:36:22	6880	1	0	89	16.11	26.86	14.65	1.74	89	1.78	
2010-09-26 09:36:23	6885	1	0	89	15.14	25.88	14.65	1.72	89	1.79	
2010-09-26 09:36:24	6890	1	0	89	15.14	24.41	13.67	1.85	89	1.95	
2010-09-26 09:36:25	6895	1	0	89	15.14	25.39	14.16	1.76	89	1.83	
2010-09-26 09:36:26	6900	1	0	89	15.63	24.41	14.16	1.05	89	1.78	
2010-09-26 09:36:27	6905	1	0	89	15.14	24.41	14.16	0.92	89	0.99	
2010-09-26 09:36:28	6910	1	0	89	15.63	24.41	14.16	0.76	89	0.96	
2010-09-26 09:36:29	6915	1	0	89	15.14	23.93	14.16	0.75	89	0.85	
2010-09-26 09:36:30	6920	1	0	89	15.14	24.41	14.65	0.73	89	0.89	
2010-09-26 09:36:31	6925	1	0	89	15.14	24.41	14.16	0.87	89	0.87	
2010-09-26 09:36:32	6930	1	0	89	15.63	24.41	14.16	0.75	89	0.87	
2010-09-26 09:36:33	6935	1	0	89	15.14	24.41	14.65	0.76	89	0.83	
2010-09-26 09:36:34	6940	1	0	89	15.14	24.41	14.16	0.71	89	0.83	
2010-09-26 09:36:35	6945	1	0	89	14.16	24.90	13.67	1.05	89	1.07	
2010-09-26 09:36:37	6950	1	0	89	16.60	25.39	14.65	0.82	89	1.05	
2010-09-26 09:36:38	6955	1	0	89	15.63	24.41	14.16	0.83	89	0.99	
2010-09-26 09:36:39	6960	1	0	89	15.14	24.90	14.65	0.96	89	0.96	
2010-09-26 09:36:40	6965	1	0	89	14.65	24.90	14.16	0.89	89	1.01	
2010-09-26 09:36:41	6970	1	0	89	15.14	25.39	14.16	0.94	89	0.98	
2010-09-26 09:36:42	6975	1	0	89	15.14	24.41	14.65	0.76	89	1.01	
2010-09-26 09:36:43	6980	1	0	89	14.65	25.39	14.65	0.89	89	0.99	
2010-09-26 09:36:44	6985	1	0	89	15.14	24.90	13.67	0.94	89	1.03	
2010-09-26 09:36:45	6990	1	0	88	15.63	24.90	14.65	0.80	89	1.08	
2010-09-26 09:36:46	6995	1	0	89	14.65	23.93	14.65	1.17	89	1.23	
2010-09-26 09:36:47	7000	1	0	89	14.65	23.93	14.65	1.14	89	1.28	
2010-09-26 09:36:48	7005	1	0	89	14.65	23.93	15.14	1.15	89	1.24	
2010-09-26 09:36:49	7010	1	0	89	14.65	23.93	15.14	1.05	89	1.56	
2010-09-26 09:36:50	7015	1	0	89	14.65	23.93	15.14	1.07	89	1.17	
2010-09-26 09:36:51	7020	1	0	89	14.16	24.41	14.65	1.17	89	1.23	
2010-09-26 09:36:52	7025	1	0	89	14.65	23.93	15.14	1.10	89	1.37	
2010-09-26 09:36:53	7030	1	0	89	14.16	23.93	14.65	1.17	89	1.30	
2010-09-26 09:36:54	7035	1	0	89	14.16	24.41	14.65	1.17	89	1.44	
2010-09-26 09:36:55	7040	1	0	89	14.16	24.41	14.65	1.07	89	1.28	
2010-09-26 09:36:56	7045	1	0	89	14.65	23.44	14.16	1.67	89	2.18	
2010-09-26 09:36:58	7050	1	0	89	15.14	23.44	15.63	1.53	89	2.11	
2010-09-26 09:36:59	7055	1	0	89	14.65	23.44	15.63	1.69	89	1.97	
2010-09-26 09:37:00	7060	1	0	89	15.14	23.44	14.16	1.63	89	1.78	
2010-09-26 09:37:01	7065	1	0	89	15.14	24.90	14.65	1.70	89	1.86	
2010-09-26 09:37:02	7070	1	0	89	15.14	23.93	15.14	1.62	89	1.88	
2010-09-26 09:37:03	7075	1	0	89	15.63	22.95	13.67	1.56	89	1.99	
2010-09-26 09:37:04	7080	1	0	89	15.14	23.93	15.63	1.70	89	1.99	
2010-09-26 09:37:05	7085	1	0	89	15.14	23.93	15.14	1.63	89	1.99	
2010-09-26 09:37:06	7090	1	0	89	15.63	24.41	14.65	1.56	89	1.70	
2010-09-26 09:37:07	7095	1	0	89	17.09	25.88	13.67	1.76	89	2.20	
2010-09-26 09:37:08	7100	1	0	89	15.14	24.90	14.65	2.11	89	2.11	
2010-09-26 09:37:09	7105	1	0	89	15.63	26.37	13.18	2.17	89	2.20	
2010-09-26 09:37:10	7110	1	0	89	15.14	25.88	15.14	2.22	89	2.24	
2010-09-26 09:37:11	7115	1	0	89	15.63	27.83	14.65	2.29	89	2.33	
2010-09-26 09:37:12	7120	1	0	89	15.63	26.37	14.65	2.33	89	2.33	
2010-09-26 09:37:13	7125	1	0	89	14.65	27.34	15.63	2.18	89	2.25	
2010-09-26 09:37:14	7130	1	0	89	15.63	26.37	15.63	2.20	89	2.25	
2010-09-26 09:37:15	7135	1	0	89	16.11	26.86	15.14	2.25	89	2.31	
2010-09-26 09:37:16	7140	1	0	89	16.11	27.34	13.67	2.34	89	2.38	
2010-09-26 09:37:18	7145	1	0	89	15.63	23.93	14.16	1.21	89	2.36	
2010-09-26 09:37:19	7150	1	0	89	15.14	23.93	12.70	1.35	89	1.37	
2010-09-26 09:37:20	7155	1	0	89	15.14	23.93	14.16	1.42	89	1.46	
2010-09-26 09:37:21	7160	1	0	89	15.63	23.44	14.16	1.42	89	1.53	
2010-09-26 09:37:22	7165	1	0	89	15.63	26.86	13.18	1.40	89	1.46	
2010-09-26 09:37:23	7170	1	0	89	16.11	23.93	14.16	1.42	89	1.54	
2010-09-26 09:37:24	7175	1	0	89	16.11	24.41	14.16	1.42	89	1.46	
2010-09-26 09:37:25	7180	1	0	89	15.63	23.93	13.67	1.63	89	1.67	
2010-09-26 09:37:26	7185	1	0	89	16.60	24.90	12.21	1.67	89	1.72	
2010-09-26 09:37:27	7190	1	0	89	15.14	23.93	12.70	1.69	89	1.76	
2010-09-26 09:37:28	7195	1	0	89	15.63	24.90	13.67	0.28	89	1.70	
2010-09-26 09:37:29	7200	1	0	89	15.63	24.90	14.65	0.18	89	0.32	
2010-09-26 09:37:30	7205	1	0	89	15.63	24.90	14.16	0.11	89	0.23	
2010-09-26 09:37:31	7210	1	0	89	15.63	24.90	14.16	0.12	89	0.34	
2010-09-26 09:37:32	7215	1	0	89	15.63	24.90	14.16	0.07	89	0.21	
2010-09-26 09:37:33	7220	1	0	89	16.11	24.90	14.16	0.02	89	0.36	
2010-09-26 09:37:34	7225	1	0	89	15.63	24.90	14.16	0.12	89	0.27	
2010-09-26 09:37:35	7230	1	0	89	16.11	24.90	14.16	0.07	89	0.23	
2010-09-26 09:37:36	7235	1	0	89	15.63	24.90	13.67	0.18	89	0.21	
2010-09-26 09:37:37	7240	1	0	89	16.11	24.90	14.16	0.12	89	0.25	
2010-09-26 09:37:39	7245	1	0	89	16.11	24.90	14.65	0.09	89	0.18	
2010-09-26 09:37:40	7250	1	0	89	17.09	24.90	14.65	0.57	89	0.66	
2010-09-26 09:37:41	7255	1	0	89	15.63	24.90	15.14	0.43	89	0.67	
2010-09-26 09:37:42	7260	1	0	89	16.11	25.39	14.16	0.62	89	0.89	
2010-09-26 09:37:43	7265	1	0	89	18.55	25.39	14.16	0.60	89	0.89	
2010-09-26 09:37:44	7270	1	0	89	18.07	26.86	14.16	0.64	89	0.85	
2010-09-26 09:37:45	7275	1	0	89	16.60	25.39	14.16	0.57	89	0.83	
2010-09-26 09:37:46	7280	1	0	89	15.63	24.90	14.65	0.59	89	0.69	
2010-09-26 09:37:47	7285	1	0	89	16.11	25.39	14.65	0.51	89	0.85	
2010-09-26 09:37:48	7290	1	0	89	18.07	25.39	14.65	0.67	89	0.91	
2010-09-26 09:37:49	7295	1	0	89	16.60	25.39	14.65	0.43	89	0.75	
2010-09-26 09:37:50	7300	1	0	89	15.63	24.41	14.65	1.37	89	1.65	
2010-09-26 09:37:51	7305	1	0	89	15.14	24.90	14.65	1.38	89	1.44	
2010-09-26 09:37:52	7310	1	0	89	15.63	24.90	14.16	1.31	89	1.70	
2010-09-26 09:37:53	7315	1	0	89	15.14	24.90	14.16	1.26	89	1.46	
2010-09-26 09:37:54	7320	1	0	89	15.63	24.90	14.16	1.37	89	1.62	
2010-09-26 09:37:55	7325	1	0	89	15.63	24.90	14.16	1.26	89	1.47	
2010-09-26 09:37:56	7330	1	0	89	15.14	24.90	14.65	1.35	89	1.83	
2010-09-26 09:37:57	7335	1	0	88	15.63	24.90	14.16	0.51	89	1.46	
2010-09-26 09:37:59	7340	1	0	89	15.14	24.90	14.16	1.33	89	1.62	
2010-09-26 09:38:00	7345	1	0	89	15.14	24.90	14.16	1.33	89	1.46	
2010-09-26 09:38:01	7350	1	0	88	15.63	24.90	15.14	0.78	89	1.60	
2010-09-26 09:38:02	7355	1	0	89	15.63	24.90	14.16	1.74	89	2.13	
2010-09-26 09:38:03	7360	1	0	89	15.14	24.90	14.16	1.90	89	1.99	
2010-09-26 09:38:04	7365	1	0	89	15.63	24.90	14.65	1.78	89	1.95	
2010-09-26 09:38:05	7370	1	0	89	15.63	24.41	14.16	1.62	89	2.04	
2010-09-26 09:38:06	7375	1	0	89	15.14	24.41	14.16	1.69	89	2.13	
2010-09-26 09:38:07	7380	1	0	89	15.63	24.41	14.16	1.85	89	1.90	
2010-09-26 09:38:08	7385	1	0	89	16.11	24.90	14.65	1.70	89	2.08	
2010-09-26 09:38:09	7390	1	0	89	15.14	24.90	14.65	1.51	89	2.04	
2010-09-26 09:38:10	7395	1	0	89	15.63	24.90	14.16	1.83	89	1.95	
2010-09-26 09:38:11	7400	1	0	89	15.63	24.90	14.65	1.92	89	2.06	
2010-09-26 09:38:12	7405	1	0	89	15.63	24.41	14.16	1.51	89	2.10	
2010-09-26 09:38:13	7410	1	0	89	15.63	24.41	13.67	1.72	89	1.78	
2010-09-26 09:38:14	7415	1	0	89	15.14	23.93	14.16	1.94	89	1.94	
2010-09-26 09:38:15	7420	1	0	89	14.65	24.41	13.67	1.85	89	1.99	
2010-09-26 09:38:16	7425	1	0	89	14.16	24.41	13.67	1.92	89	2.01	
2010-09-26 09:38:17	7430	1	0	89	14.65	23.93	14.16	1.97	89	2.04	
2010-09-26 09:38:18	7435	1	0	89	14.65	24.41	14.16	1.86	89	1.92	
2010-09-26 09:38:20	7440	1	0	89	15.63	24.41	13.67	1.94	89	1.99	
2010-09-26 09:38:21	7445	1	0	89	14.65	24.41	14.16	2.10	89	2.15	
2010-09-26 09:38:22	7450	1	0	89	13.67	24.41	13.67	1.99	89	2.10	
2010-09-26 09:38:23	7455	1	0	89	17.09	25.88	17.09	1.99	89	1.99	
2010-09-26 09:38:24	7460	1	0	89	17.09	25.88	14.65	2.02	89	2.04	
2010-09-26 09:38:25	7465	1	0	89	15.63	24.90	12.70	1.60	89	2.04	
2010-09-26 09:38:26	7470	1	0	88	15.14	24.90	13.18	1.92	89	1.95	
2010-09-26 09:38:27	7475	1	0	89	15.63	24.41	11.72	1.49	89	1.95	
2010-09-26 09:38:28	7480	1	0	89	15.14	31.25	11.23	1.47	89	1.74	
2010-09-26 09:38:29	7485	1	0	89	16.11	24.41	15.14	1.40	89	1.63	
2010-09-26 09:38:30	7490	1	0	89	15.63	24.90	12.70	1.94	89	2.10	
2010-09-26 09:38:31	7495	1	0	88	15.14	22.95	13.18	0.96	89	1.81	
2010-09-26 09:38:32	7500	1	0	89	15.63	24.41	12.70	1.12	89	1.44	
2010-09-26 09:38:33	7505	1	0	88	15.14	25.39	12.70	1.95	89	1.99	
2010-09-26 09:38:34	7510	1	0	89	15.14	24.90	12.70	1.56	89	1.95	
2010-09-26 09:38:35	7515	1	0	89	15.14	24.41	12.21	1.65	89	1.69	
2010-09-26 09:38:36	7520	1	0	89	18.07	36.13	18.07	0.43	89	1.60	
2010-09-26 09:38:37	7525	1	0	89	19.04	36.62	19.04	0.25	89	0.80	
2010-09-26 09:38:38	7530	1	0	89	17.09	30.27	15.63	0.76	89	1.05	
2010-09-26 09:38:39	7535	1	0	89	23.93	32.23	14.65	0.43	89	0.85	
2010-09-26 09:38:41	7540	1	0	89	21.97	33.69	15.63	0.20	89	0.59	


* All frequencies tested. Test finished.



*******************
* Stopped on 2010-09-26 09:38:41
* Frequency 7545
*******************

